11100 11210 12100 12220 14200
11100 11210 11220 11230 11240 11300 12100 12220 13100 13400 14100 14200 21000 22000 23000 31000 32000 50000
11100 12100
11210 12100 12220
11210 12100 12220
11210 12100 12220
11100 11210 11220 12100 12220
11100 12100 12220 14100
11230 21000 23000
11240 12220 21000 23000
11240 11300 12220 23000
11100 11210 12100 12220 14100
11100 11210 12100 12220 14200
11210 11230 12100 12220
11210 12100 12220
11220 11230 12100 12220
11230 12100 12220 21000 23000
11210 11220 11230 12100 12220
11300 12100 12220 13100 21000 23000 31000 32000 50000
11240 12100 12220 13100 23000 31000
11100 11210 11220 11230 12100 12220 23000 32000
11100 11210 12100 12220 14100
11230 12100 12220 14100 32000
11100 12100
11100 12100
11210 12100 12220
11100 12100
11210 11220 11230 12100 12220
11210 11220 11230 12100 12220
11100 11210 12100 12220 14100
11100 12100 12220
11210 11220 11230 12100 12220
11100 12100 12220 14100
11100 11210 12100 12220
11100 11210 12100 12220 14200
11100 11210 12100 12220 14200
11100 11210 12100 12220
11100 11210 12100 12220
11100 11210 11220 12100 12220
11100 11210 11220 12100 12220 14200
11100 11210 12100 12220 14200
11100 11210 12100 12220 14200
11100 11210 12100 12220 14100
11210 11220 11230 12100 12220 23000
11100 11210 12100 12220
11100 11210 12100 12220
11100 11210 12100 12220
11210 11220 11230 12100 12220
11210 12100 12220
11100 11210 12100 12220
11210 11220 12100 12220
11100 11210 12100 12220 14200
11230 12100 14100 32000
11220 11240 12100 23000
11240 12220 23000
21000 23000
11240 12220 23000
11230 12220 23000
11240 12220 21000 23000
11300 12220 23000
11210 12100 12220
11230 12100 12220 14100
11230 12100 12220
11230 12100 23000
11230 12100 12220 21000
11230 12100 12220 14100 21000 23000
11230 12100 32000
11230 12100 32000
11230 12100 12220 21000
11210 11230 12100 12220 23000
11100 11210 12100 12220
11100 11210 12100 12220
11100 11210 12100 12220
11210 12100 12220 14100
11210 11220 12100 12220
11100 11210 12100 12220 23000
11100 11210 12100 12220 14100
11100 11210 11230 12100 12220
11210 11220 12100 12220
11100 11210 11230 12100 12220
11230 12100 12220 23000 32000
11210 11230 12100 12220 14100 22000
11100 11210 11220 11230 12100 12220 23000
11230 12100 12220 23000 32000
11100 11210 12100 12220 14200
11100 11210 11220 12100 12220
11210 11220 12100 12220 14200
11100 11210 11220 11230 12100 12220 32000
11100 11210 12100 12220
11100 11210 11230 12100 12220
11100 11210 12100 12220
11100 11210 12100 12220
11100 11210 12100 12220
11100 11210 12100 12220 14100
11100 11210 12100 12220
11100 11210 12100 12220
11100 11210 12100 12220
11210 11220 11230 12100 12220
11100 11210 11220 11230 12100 12220 14100 23000 32000
11210 11220 11230 12220 23000 32000
11100 11210 11220 11230 12100 12220 23000 32000
11210 11220 12100 12220 23000 32000
11100 11210 11220 12100 12220 14100
11220 11230 12220 13400 32000
11220 11230 12100 12220 23000 32000
11220 11230 12100 12220 23000
11100 11210 11220 11230 11240 12100 12220 14100 21000 23000 32000
11220 11240 23000
11220 11230 11240 11300 12100 23000 32000
11210 11220 11230 12100 12220
11240 12100 12220 13100 14100 23000 31000 50000
11240 12100 12220 14100 50000
11210 11230 12100 12220 23000 32000
11210 11220 12100 12220
11100 11210 11220 11230 11300 12100 12220 13100 23000 32000
11220 11230 12100 12220 23000 32000
11210 11220 11230 12100 12220 23000
11210 11220 11230 11240 12100 12220 13400 21000 23000 32000
11220 12100 12220 13400 32000
11230 12100 12220 23000 32000
11210 11230 12100 12220 13100 23000 32000
11100 11210 12100 12220 14100
11100 11210 12100 12220
11220 11230 12100 12220 13400 23000
11230 12100 12220 23000
11100 11210 12100 12220
11100 11210 12100 12220
11100 11210 12100 12220 14100
11100 12100 12220 14100
11220 11230 12100 12220 13400 23000
11100 11210 12100 12220
11100 11210 12100 12220
11100 11210 12100 12220 14200
11100 11210 12100 12220 14200
11210 12100 12220
11100 11210 12100 12220 14100
11100 11210 12100 12220 14100
11100 12100 12220 14100
11100 12100 12220 14100
11100 11210 12100 12220
11100 11210 12100 12220
11240 12100 23000
11100 11210 11220 12100 12220 14200
11210 11220 12100 12220
11100 11210 12100 12220 14100
11100 11210 12100 12220 14100
11210 12100 12220
11220 11230 12100 12220 13400 23000
11220 11230 12100 12220 13400 23000
11210 11220 11230 12100 12220 13400 23000
11100 11210 12100 12220
11210 11230 12100 12220
11100 11210 12100 12220
11210 11230 12100 12220 22000
11210 11220 11230 12100 12220
11210 11220 12100 12220
11210 12100 12220
11210 12100 12220
11210 11220 11230 12100 12220
11210 11220 12100 12220
11210 12100 12220
11210 12100 12220
11100 11210 12100 12220
11210 11230 12100 12220
11210 11220 11230 11240 12100 12220 14100 21000 22000 23000 32000
11230 11240 12100 12220 21000 23000
11210 11220 11230 11240 12100 12220 21000 23000
11210 11230 12100 12220 23000
11210 11230 12100 12220 23000
11210 11230 12100 12220 23000
11100 11210 11230 12100 12220
11210 11230 12100 12220
11210 11230 12100 12220
11210 11230 12100 12220 22000
11210 11230 12100 12220 21000 23000
11210 11230 12100 12220
11220 11230 12100 12220 14100 21000 22000 23000
11230 12100 12220 14100 23000
11220 11230 12100 12220 23000
11220 11230 12100 12220 23000 32000
11100 11210 12100 12220 14100
11100 11210 12100 12220
11100 11210 12100 12220
11210 12100 12220
11210 11220 11230 12100 12220 23000
11210 11220 11230 12100 12220 23000
11100 11210 12100 12220
11100 11210 12100 12220
11100 11210 12100 12220 14100
11100 11210 12100 12220
11210 11220 11230 12100 12220
11100 12100 12220
11220 11230 12220 32000
11300 12220 13100 23000 31000 32000
12100 12220 21000 23000 32000 50000
11240 12220 23000
12100 12220 13100 23000
11240 11300 12220 23000
11240 12220 23000
11230 11240 12220 23000
11230 11240 12220 23000
11240 12220 23000
11240 12100 12220 13100 14100 23000 31000 50000
11230 12220 23000
11230 23000
11220 11230 11240 12220 21000 32000
11100 11210 11220 11230 12100 12220 23000 32000
11230 12100 12220 23000 32000
11230 11300 12220 13100 23000
11220 11230 12100 12220 13400 23000
11220 11230 12100 12220 23000
11230 11240 12100 12220 21000 23000
11210 11220 11230 12100 12220 13100 13400 23000
11100 11210 12100 12220 14100
11230 11240 12100 12220 21000 23000
11230 12100 12220 21000 23000
11230 11240 12220 21000 23000
11210 11220 11230 12100 12220 23000
11230 11300 12100 12220 13100 23000
12100 12220 13100 23000
11240 11300 12100 12220 13100 23000 31000 32000 50000
11220 11230 12100 12220 13400 32000
11220 11230 12100 12220 13400 23000
11100 11210 12100 12220 14100
11100 11210 12100 12220 14100
11240 12100 12220 14100 50000
11100 11210 12100 12220 14100
11100 11210 12100 12220 14100
11100 11210 12100 12220 14100
11230 12100 12220 14100 22000 23000
11100 11210 12100 12220 14100
11230 11240 12100 12220 21000 23000
11230 11240 12220 21000 23000
11230 12100 12220 21000 23000
11230 21000 23000
12100 12220 21000 23000 32000 50000
11220 11230 11240 12220 21000 32000
11220 11230 11240 12220 21000 32000
12100 12220 21000 23000 32000 50000
11300 12100 12220 13100 21000 23000 31000 32000 50000
11230 12100 12220 23000 32000
11210 11220 11230 12220 23000 32000
11210 11220 11230 12100 12220 23000 32000
11210 11230 12100 12220 14100 22000
11220 11230 12100 12220 23000 32000
11220 11230 12100 12220 21000 23000
11100 11210 11220 11230 12100 12220 23000 32000
11230 11240 12100 12220 23000
11230 11240 12220 23000
11230 11240 12220 23000
11230 11240 12220 23000
11210 11230 12100 12220 14100 23000
11230 11300 12100 12220 13100 13400 23000
11230 11300 12100 12220 13100 23000
11210 11220 11230 11300 12100 12220 13100 23000 32000
11220 11230 12100 12220 23000
11210 11220 11230 11240 12100 12220 13400 21000 23000
11240 11300 12100 12220 13100 21000 23000 31000 32000 50000
11230 12100 12220 13100 23000 32000
11230 12220 21000 23000
11230 12100 12220 21000 23000
11230 12100 12220 23000 32000
11230 12100 12220 21000 23000
11230 12220 21000 23000
11210 11220 11230 11240 11300 12100 12220 13100 21000 23000 31000 32000 40000 50000
11240 21000 23000 32000
21000 23000 32000
23000 31000 40000 50000
11240 11300 12100 12220 13100 23000 31000 32000
11240 21000 23000 32000
21000 23000 32000
11230 12100 12220 23000 32000
23000 32000 40000 50000
11210 11220 11230 11240 12100 12220 13400 14100 21000 23000 32000
23000 32000 40000 50000
11220 11230 12100 12220 23000 32000
31000 40000 50000
23000 31000 32000 40000 50000
11210 11220 11230 12100 12220
11210 12100 12220
11240 12100 12220 13100 14100 21000 23000 32000 40000 50000
11100 11210 11220 11230 12100 12220 32000
11210 11220 11230 12100 12220 23000
11100 11210 12100 12220
11210 11220 12100 12220 14200
11210 11220 11230 12100 12220
