11220 11240 12220 21000
11100 12220
11100 11210 11220 12100 12220 13300
11210 11220 11300 12220 12400 13100 21000 23000 31000
11210 11220 12100 12220 14100 14200
11210 11220 12100 12220 14100 23000
12100 12220 13400 21000 31000
11300 12220 21000 23000 31000
11210 11220 11240 12220 21000
11210 11220 12100 12210 12220 12230 13100 13400 14100 14200 21000 23000 31000 50000
11100 11210 11220 11230 11240 12100 12220 12230 14100 14200 21000 23000 31000
11210 11230 12100 12220 12230 12300 13100 13400 21000 23000 31000 32000 50000
11100 11210 11220 11230 11240 11300 12100 12210 12220 12230 12300 12400 13100 13300 13400 14100 14200 21000 23000 31000 32000 33000 40000 50000
12100 12210 12220 21000 23000 31000
11100 11210 11220 11300 12100 12220 12230 12300 13100 13400 14100 14200 21000 23000 31000
11220 12220 12230 12300 13100 21000 23000 31000 50000
11100 11210 11220 11230 11300 12100 12210 12220 12230 12300 13100 13300 13400 14100 14200 21000 23000 31000 32000 40000 50000
11100 11210 11220 11230 11240 11300 12100 12220 12230 13400 14100 14200 21000 23000 31000 50000
11100 11210 12100 12220 13400
11240 11300 12220 21000 23000 31000
11230 11240 11300 12220 21000 23000
11210 11220 11240 11300 12220 21000 23000 31000
11100 12100 12220
11230 11300 12100 12220 12230 21000 23000 31000
11220 11230 11300 12100 12220 21000 23000 50000
11100 12220
12100 12220 21000 23000 31000
11100 12100 12220
11100 12100 12220
11100 12100 12220
11100 12100 12220
11220 11230 12100 12220 13300 14100 14200 21000 23000 31000
11100 12100 12220
11100 12100 12220
11100 11210 12100 12220
11100 11210 12100 12220 14100 14200
11100 12100 12220
11100 11210 11220 12220
11100 11210 12100 12220
11100 11210 12100 12220
11100 11210 12100 12220
11100 11210 11220 12100 12220
11100 11210 12100 12220 14100 14200
11210 11220 12220 14100 14200
11100 11210 12220 14100
11100 11210 11220 12220 31000
11210 11220 12220 14100 14200
11100 11210 11220 12100 12220 12230 14100 14200
11100 11210 11220 12220
11100 11210 12100 12220
11100 11210 11230 12220 14100
11100 11210 11230 12100 12220 14100
11100 11210 12100 12220
11100 11210 11220 12100 12220
11100 11210 11220 12100 12220
11100 11210 12220 14100 50000
11240 11300 12100 12210 12220 21000 23000 31000 32000
11240 11300 12220 21000 23000 31000
11100 11210 11220 12220
11100 12220
11300 12210 12220 21000 23000 31000
11100 11210 11220 11230 11300 12100 12220 12230 21000 23000 31000
11210 11220 12100 12220 13100 14200 21000 23000 31000 50000
12100 12220 21000
11210 11220 11230 11300 12100 12220 12230 12300 13100 21000 23000 31000 50000
11100 12220
11100 12100 12220
11100 11210 12100 12220
11100 12220
11100 12100 12220
11100 12100 12220 50000
11100 12100 12220 50000
11100 11210 11220 12100 12220
11220 11230 11300 12220 14200 21000 23000 31000 50000
11100 11210 12100 12220
11100 11210 11220 12100 12220 14200
11100 11210 11220 12100 12220 14200
11100 11210 12100 12220
11100 11210 12100 12220 12230 14100
11100 12100 12220
11100 12100 12220 12230 14100 21000
11100 12220
11220 12100 12220 12230 12400 14100 21000 23000 31000
11100 12100 12220
11100 11220 12100 12220 21000 23000 50000
11210 11220 12220 23000
11100 12100 12220 50000
11100 11210 12100 12220 12230 21000 50000
11100 12220
11100 12220
11100 11210 11220 12220 12230
11100 11210 11220 12100 12220 13300
11210 11220 12100 12220
11100 12220
11100 11210 12100 12220 14100 14200
11210 12100 12220 12230 13400 31000
11100 11210 12100 12220
11210 11220 12220 21000 31000
11210 11220 12220 13400
11210 11220 11230 11240 12100 12220 21000
11100 11210 11220 12220 13400 23000
11100 11210 11220 12100 12220 14100
11210 11220 12220 14100 50000
11100 12100 12220
11100 11210 11220 12220 31000
12100 12230 13100 23000 31000
11100 11210 12100 12220 14100 14200
11100 11210 12100 12220 14100
11100 11210 11220 12100 12220
11100 11210 12100 12220 14100
11210 11220 12220 23000
11100 11210 11220 12100 12220 12230 14200 31000
11100 11210 11220 12220 31000
11210 12100 12220 23000 31000
11100 11210 12220 32000
11100 11210 12220 14200 31000 32000
11100 11210 12220 31000 32000
11210 11220 12220 14200
11210 11220 12220 14200 31000
11100 11210 12100 12220 12230
11100 12100 12220
11210 11220 12220 14200
11210 11220 12220 14200
11100 11210 12100 12220 14100 14200
11100 11210 12100 12220 12230
11210 12220
11100 11210 12100 12220 21000 23000
11100 11210 11220 12220 12230 13400
11210 11220 12220 12230 31000
11100 11210 11230 12100 12220 23000
11100 11210 11230 12100 12220 13400
11100 11210 11220 11230 12220 13400
12210 12220 21000 23000 31000
11100 11210 12220 14200 31000
11100 11210 12220 14200 32000 33000
11100 11210 12220 14200 50000
11210 12100 12220 12230 13400 21000 31000
11100 11210 11220 11230 12220 13400 14100 14200
11100 11210 11300 12100 12220 14200 21000 23000 31000 50000
11210 12220 12230 23000 31000
11100 11210 11220 12220 14100
11210 11220 12100 12220 23000
11100 11210 12220
11100 11210 11230 12100 12220 13400 14200 23000
11100 11210 12220 14200
11100 11210 11220 11300 12210 12220 12230 13100 14200 23000 31000 50000
11100 11210 12100 12220 12230 14200
11210 11220 11230 12220 21000 31000
11210 12100 12220 12230 14100 14200 31000
11210 12100 12220 31000 50000
11100 11210 11220 12220 31000
11100 11210 12220 31000
11100 11210 12220 23000 31000
11100 11210 12220 23000 31000
11100 11210 11220 12220 12230 14200 31000
11100 11210 11220 12220
11100 11210 12220
11100 11210 11220 12100 12220
11100 11210 11220 12100 12220
11100 12220
11100 11210 11220 12220
12100 12220 21000 31000 50000
11210 11220 12100 12220 14200 31000
11210 11220 12100 12220
11100 11210 11220 12100 12220
11100 11210 11220 12100 12220
12100 12220 12230 21000 31000 50000
11100 11210 11220 12100 12220
11100 11210 12100 12220
11210 11220 12220 23000 31000
11100 11210 12100 12220
11100 11210 12100 12220
11100 11210 12220
11100 11210 12100 12220
11100 11210 12100 12220 14100
11100 11210 12100 12220
11100 11210 12100 12220
11100 11210 11220 11230 12220 21000 23000 31000
11210 11220 11230 12100 12220 31000
11100 11210 12100 12220 14100 14200
11100 11210 12100 12220 14100
11100 11210 12100 12220
11100 11210 11220 12100 12220 14200
11300 12220 21000 23000
11100 11210 11230 12100 12220 13400 14100 50000
11100 11210 12100 12220
11100 11210 12100 12220
11100 11210 12100 12220 14100
11100 11210 11220 11230 12100 12220 12230 14200 31000
11100 11210 11230 12100 12220 12230 13400 14100 21000 23000 31000
11100 11210 11220 12220 12230 14200
11100 11210 12220 12230 14200
11100 11210 12220 12230 14200
11100 11210 12220 12230 23000 31000
11100 11210 12220 14200 23000 31000
11100 11210 11220 11230 12100 12220 14200
11100 11210 11220 12100 12220 12230 31000
11100 11210 12100 12220
11100 11210 11220 12100 12220
11210 12220 12230 14100
11210 11220 12220 12230 14100 31000
11100 11210 11220 12100 12220 14100
11100 11220 12100 12220 23000 50000
11100 11210 11220 12100 12220 13400
11100 11210 12100 12220
11100 11210 12100 12220 21000 23000
11100 11210 12100 12220 12230 13400
11100 11210 12220
11100 11210 11220 12220 31000
11100 11210 12100 12220 23000 31000
11100 11210 12100 12220 12230 13400 23000
11100 12100 12220 14200 50000
11100 11220 12100 12220 21000 23000 31000 50000
11100 11210 11220 12220 12230 23000 31000 50000
11210 11220 12220 13400 14100 31000
11100 11210 12220 31000
11100 11210 12220 13100 23000
11100 11210 12220 31000
11210 11220 12220 14200 23000
11100 11210 12220 31000
11100 11210 11220 12220
11100 11210 12220 31000
11100 11210 12220 31000
11100 11210 11220 12220 31000
11100 11210 11220 12220 23000 31000
11100 11210 11220 12100 12220
11100 11210 12220 31000
11100 11210 11240 12100 12220 23000 31000
11100 11210 11220 12100 12220 14100 31000
11100 11210 11220 12100 12220
11210 11220 12220 14200 21000 23000
11210 11220 12220
11210 12220 21000
11210 11220 12100 12220 12230 23000
11210 11220 12220 12230 23000
11210 11220 11300 12220 12230 14200 23000
11210 12220 12230 14100
11100 11210 11220 12220 14200 21000 23000
11100 11210 12220 14200 21000 23000
11100 11210 11220 12100 12220
11100 11210 11220 12100 12220 23000
11100 11210 12220 21000
11100 11210 12220 21000
11100 11210 12220 23000
11210 12220 21000
11210 12220 12230 31000
11100 11210 12100 12220 14200
11100 11210 12100 12220
11100 11210 12100 12220 14100
11210 11220 12100 12220 14100 14200 31000 50000
11210 11220 12100 12220 14100 14200
11210 12100 12220 14100 21000
11100 11210 12100 12220 14200
11100 11210 11220 12100 12220 14100
11100 11210 11220 12100 12220
11100 11210 11220 12100 12220 14100 14200
11210 11220 12100 12220 14100 14200
11100 11210 11220 12100 12220 13300 14100
11100 11210 11220 12100 12220 14100
11100 11210 12100 12220 14100 14200
11100 11210 12100 12220 14100 14200
11100 11210 12100 12220
11100 11210 11220 12100 12220 14200
11100 11210 12220 14200
11100 11210 12100 12220 14200
11100 11210 12100 12220 14200
11100 11210 12220 14200
11100 11210 11220 12100 12220 14200
11100 11210 11220 12220
11100 11210 11220 12100 12220 14100
11100 11210 11220 12220
11210 11220 12220 21000
11210 11220 12220 21000
11210 11220 12220 21000 23000
11100 11210 11230 12100 12220 12230 14200 21000 23000
11100 11210 12220 31000
11100 11210 12220 21000 23000
11100 11210 12220 23000 31000
11210 11220 12220 21000 31000
11210 11220 12220 13100 23000 31000
11100 11210 12100 12220
11210 11220 11230 11240 12220 21000 31000
11210 11220 11230 12100 12220 13400 31000
11210 11220 11230 11240 12220 31000
11210 11220 11230 12100 12220 13400 31000
11210 12100 12220
11100 11210 12100 12220 23000 31000
11100 11210 11220 12100 12220 14100 23000 31000
11100 11210 11220 12220 14100
11100 11210 11220 12100 12220 14100 23000
11100 11210 11220 12220 31000
11100 11210 12220 14100 14200
11100 11210 12100 12220 14100 14200
11100 11210 12100 12220 14100 14200
12100 12220 21000 23000
11210 11220 12220 12230 21000 23000 50000
11210 11230 12100 12220 12230
12100 12220 21000
12100 12220 21000 23000
12100 12220
12100 12220
11100 11210 12100 12220
11100 11210 12100 12220 13400
11100 11210 12220 13400
11100 11210 12100 12220 13400
11100 11210 12100 12220
11210 12100 12220
11210 11220 12220 23000 31000
11210 11220 12220 31000
11210 12220 31000
11210 11230 12220 13400 14200
11210 11230 12220
11210 11230 12220
11210 11230 12220 12230 13400 21000
11210 11230 12220
11210 11230 12100 12220
11100 11210 11220 12100 12220 12230
11210 12100 12220
11100 11210 12100 12220 14200
11100 11210 12220 12230 14100 14200
11100 11210 12100 12220 14100
11100 11210 12220 12230 14200
11100 11210 12100 12220 12230 14200
11100 11210 12220 12230 14200
11100 11210 12220 12230 14200
11100 11210 12100 12220
11100 11210 11220 12100 12220
11100 11210 12100 12220 21000 23000 31000
11100 11210 11220 12220 23000
11100 11210 12100 12220
11210 11220 12100 12220 23000
11100 11210 11220 12220 14100 14200 31000
11100 11210 12100 12220
11100 11210 12100 12220 14200 50000
11100 11210 12100 12220 14200
11100 11210 12100 12220 14100 14200
11100 11210 12100 12220 14100
11100 11210 12100 12220
11210 11220 12220 31000
11100 11210 11220 12100 12220 13300
11100 11210 12100 12220
11100 11210 12100 12220 14100 50000
11100 11210 12100 12220
11100 11210 12100 12220
11100 11210 11220 12100 12220 13300
11100 11210 12100 12220
11100 11210 12100 12220 14100 14200 50000
11100 11210 12100 12220 14100
11100 11210 12100 12220
11100 11210 12100 12220 14100
11100 11210 12100 12220 12230 14100 14200
11100 12100 12220
11100 11210 11220 12100 12220
11210 11220 12100 12220
11100 11210 12220 14100 14200
11100 11210 11220 12100 12220 13300
11210 11220 12220 23000 31000 50000
11100 11210 11230 12100 12220 14200
12100 12220 14200
11100 12100 12220 14100 21000
11240 12100 12220 23000 32000
12100 12220 31000
11100 11210 12100 12220 14200
11100 11210 11220 12100 12220 14200
11100 12220
11100 11210 12220 12230 14100 14200
11100 11210 12100 12220 12230 14100
11100 11210 12100 12220 14100 14200
11100 11210 12100 12220 14100
11100 11210 12100 12220 12230 14100
11100 12100 12220 12230
11100 12220
11100 11210 12100 12220 14100 50000
11100 12100 12220 12230 14100
11100 11210 12100 12220
11210 12100 12220 14100 50000
11100 11210 12100 12220 50000
11100 11210 12100 12220 14100 50000
11100 12220
11100 12220
11100 11210 12100 12220 14100 50000
11100 11210 12100 12220 14100 50000
11100 12100 12220 14100 21000 50000
11100 11210 12100 12220 50000
11100 11210 12100 12220 50000
11100 11210 12100 12220
11100 11210 12100 12220 14100
11100 11210 12100 12220
11100 11210 12100 12220 50000
12100 12220 23000 32000
11210 11220 11230 12220 31000
11220 11230 11240 12220 23000 31000
11220 11230 11240 12220 23000 31000
11220 11230 11240 12220 23000 31000
11100 12100 12220
11100 12100 12220
11100 12100 12220 14100 50000
11100 12100 12220 13400 50000
11100 12100 12220
11100 11210 11220 12100 12220 14100 50000
11100 12100 12220
11100 11210 12220 14100
11100 11220 12100 12220 14100
11100 11210 11230 12100 12220 14100 50000
11100 12100 12220
11100 11210 12100 12220 50000
11100 12100 12220 50000
11100 11220 12100 12220 14100 50000
11100 11210 12100 12220 14100 50000
11100 11210 12220
11100 11210 12100 12220 50000
11100 11210 11220 12220 14100 50000
11100 12100 12220
11100 11210 11220 12100 12220 14200 50000
11100 11210 12220 14100 50000
11210 11220 12100 12220 50000
11100 11210 11220 12220
11100 11210 11220 12220 50000
11210 11220 12220 14200 50000
11100 11210 11220 11230 12100 12220
11100 11220 12220 14100 50000
11210 11220 12100 12220
11100 11210 11220 11230 12100 12220 14200
11100 12100 12220 14200 50000
11100 12100 12220 14200 50000
11100 12100 12220 50000
11100 12220 14100 14200 50000
11100 11210 12220 14100 14200 50000
11100 12220 12300 50000
11100 12100 12220 12300 13400 14100 50000
11100 12100 12220
11100 12100 12220
11100 11210 11230 12100 12220
11100 12100 12220 50000
11100 12100 12220 12300 13400 14100 50000
11100 12100 12220 12300 50000
11100 12100 12220
11100 12100 12220
11100 12100 12220 12300 13400 50000
11100 12100 12220 50000
11100 12100 12220
11100 12220 12300 50000
11100 12220 12300 50000
11100 12100 12220 50000
11100 11210 11220 12100 12220 14200
11100 11210 12220 14200
11100 11210 12100 12220 14100 14200
11100 11210 12220 14200
11210 11220 12100 12220 12230 14100 14200
11100 11210 11220 12100 12220
11210 12100 12220 14200
11100 11210 11220 12100 12220 14200
11100 11210 11220 12100 12220
11100 11210 11220 12100 12220
11100 11210 11220 12100 12220
11100 12220
11100 11210 11220 12100 12220
11100 11210 11220 12100 12220 31000
11100 11210 11220 12220
11100 11210 11220 12220
11100 11210 11220 12100 12220
11100 11210 11220 12220
11100 11210 11220 12220
11100 11210 11220 12100 12220
11100 11210 11220 12220
11100 11230 12100 12220
11100 11210 11220 11230 12220 14100
11100 11210 11220 12220 14100
11100 11210 11220 12220 14100
11100 11210 11220 12220
11100 12100 12220
11100 12220
11100 12220
11100 12220
11100 12100 12220
11100 12100 12220 50000
11100 12100 12220 50000
11100 12100 12220 50000
11100 12100 12220 50000
11100 11210 12100 12220 12230 14100 21000 50000
11100 11210 12100 12220 12230 21000 50000
11100 12100 12220
11100 12100 12220
12100 12220 12300 21000 50000
11100 11210 11220 12100 12220 13400
11100 11210 12100 12220
11100 11210 11220 12220 50000
11100 11210 11230 12220 12230 14100
11100 11210 11220 11230 12100 12220 31000
11210 11220 12220
11100 11210 11230 12220 14200
11100 11210 11220 11230 11240 12220 14200 23000 31000
11230 12100 12220 31000
11210 11220 11230 12100 12220 12230 13400 23000 31000
11100 11210 12100 12220 14100
11100 11210 12100 12220 14100
11100 11210 12100 12220
11100 11210 11220 12220 50000
11100 11210 12220 14100
11100 11210 11220 12100 12220 14100
11100 11210 11220 12100 12220
11210 11220 12100 12220 14200 31000
11100 11210 12100 12220 14200
11100 12100 12220
11100 11210 11220 12100 12220 12230
11100 12100 12220
11100 12100 12220
11100 12100 12220
11100 11210 11220 11230 12100 12220
11210 11220 12220
11210 12100 12220 12300 13400 14100 50000
11100 11210 11230 12100 12220 14100
11210 11220 12220 13400
11210 11220 12100 12220 14200
11210 11220 12220 13400 14100 14200
11100 11210 11220 12100 12220
11210 11220 11230 12220
11100 11210 11220 11230 12220 14100
11100 11210 11220 12220
11100 11210 12100 12220 14100
11210 11220 11230 12220 14100
11210 11220 12220 13400 14100 14200
11100 11210 11220 12100 12220
11210 12220 14100
11100 11210 11220 11230 12100 12220 12230 12300 14100
11100 11210 11230 12220 12230 12300 13400 14100
11100 11210 11230 12220 12230 12300 13400 14100
11210 11220 12220
11100 11210 11220 12100 12220 14100 31000
11210 12220 14100
11100 11210 12220
11240 12220 13400 50000
11210 11220 11230 12100 12220 14100
11210 12220 14100
11210 11220 11230 12100 12220 23000
11100 11210 11220 12220
11100 11210 12100 12220 14100 21000 23000
11100 11210 11220 12220 23000
11100 11210 11220 12100 12220
11210 11220 12220 21000 23000
11210 11220 12220 21000 23000
11210 11220 11240 12220
11210 12220
11210 12100 12220
11210 11220 12100 12220
11220 11240 12220 21000
11100 11210 11220 12220 23000
11210 11220 12220 13400
11210 11220 12210 12220 13400
11100 11210 11220 12100 12220
11100 11210 11220 12220
11100 11210 11220 12220 23000
11100 11210 12220
11100 11210 12100 12220 14200 21000 23000
11100 11210 11220 12220 23000
11100 11210 12220 14200
11100 11210 11220 12100 12220 14100 21000
11210 12220 14200
11210 12100 12220 14200
11220 11230 12220 23000 31000
11210 11220 11230 12220 23000 31000
11240 12100 12220 13400 21000 23000
11240 12220 13400 21000 23000 50000
11240 12220 13400 23000 50000
11240 12100 12220 13400 21000 23000 50000
11240 12100 12220 21000 23000 50000
11240 12220 13400 50000
11100 11210 12220 23000 31000
11100 11210 11230 12220 23000 31000
11100 11210 12220 14100 50000
11100 11210 12220 23000 31000
11210 12220 31000
11210 12220
11210 12220 31000
11210 12220 31000
11100 11210 11220 12100 12220 50000
11210 11220 11230 12100 12220
12100 12220 12300 23000 31000
11100 11210 11220 12100 12220
12100 12210 12220 14100 14200 21000 23000
11210 11220 11230 12100 12220
11210 12100 12220 14200
11210 11220 12100 12220
11210 11220 12220 14100 23000
11210 11220 12100 12220 23000
11210 11220 12100 12220 21000
11210 11220 12100 12220 14100
11210 12100 12220
11210 11220 11240 12220 21000 23000 33000
11210 11220 12220
11210 11220 12100 12220 14100
11100 11210 11230 12220 21000 23000 31000
11100 11210 12220 14200 21000 23000
11220 11230 12100 12220 21000 23000
11100 11210 11220 12100 12220 12230 12300
12100 12220 12300 21000 23000
11210 11240 12100 12220 12230 12300 31000
11220 11300 12100 12220 14200 23000 31000
12100 12220 13100 23000 50000
11220 11240 12100 12220 13400 21000 23000
12210 13400 23000
11100 11210 12220 12230 12300 13400 14100
11100 11210 12100 12220 14100 14200
11100 11210 11220 12100 12220 14100 50000
11100 11210 12100 12220 14100 50000
11100 12100 12220 14100 21000 50000
11100 11210 11220 11230 12100 12220 14100
11100 11210 11230 12100 12220 12300 13400 14100 50000
11100 11210 11220 12100 12220 14100 14200
11210 12100 12220 14100 14200
11210 12220 14100
11100 11210 12100 12220 14100 50000
11100 11210 11220 12220 14100
11210 12220 14100 23000
11100 11210 12100 12220 14200
12210 12220 14100 14200 23000
11220 12220 12230 21000 23000 31000
11220 11230 11240 12100 12220 21000 23000
11220 11230 12100 12220 21000
11300 21000
12220 21000 23000 31000
12220 21000 23000
21000 23000
21000 23000
21000 23000
12100 12220 12230 23000
12220 12230 21000 23000 31000
11210 11220 12100 12220 14200 21000 23000
12220 12230 21000 23000
21000 23000
21000 23000
12100 12210 12220 13400 23000
21000 23000
12100 14200 23000
11220 11230 12220 23000 31000
12220 21000 23000 31000
11220 11300 21000 23000
11220 21000 23000
11300 21000 23000 32000
12220 21000 23000
12210 21000 23000
21000 23000 31000
12220 21000 23000
12220 21000 23000
12220 21000 23000
21000 23000
12220 21000 23000
12100 12220 14100 14200 23000
11300 12220 21000 23000
23000 31000
11100 11210 11220 12100 12220 14100 14200
11210 11220 12100 12220 14200 23000
11300 31000
11220 11230 12100 12220 13400 21000
11210 11220 11230 12100 12220 12230 23000
11100 12100 12220
11300 12220 21000 23000 31000
11300 12220 23000 31000
11220 11240 11300 12220 23000 31000
11210 11230 12100 12220 21000 32000
11100 11210 12100 12220
11100 11210 11220 12100 12220 12230 14100 21000 23000
11100 11210 12100 12220 14100 50000
11230 11240 11300 12100 12220 21000 23000 31000
11210 12100 12220 14100 14200 50000
12100 12220 12230 14100 14200 50000
11210 11220 12100 12220 13400 14100 14200 21000 23000
11210 11220 12220
12220 12230 21000 23000 31000 50000
11210 11220 12220
11220 23000 31000 50000
11220 11230 12100 12220 21000 23000
11220 11230 12100 12220 23000 50000
12100 12220 23000
11230 12100 12220 21000 23000 31000 50000
11230 12100 12220 12400 21000 23000 31000
11230 11240 12100 12220 21000 23000 31000
11230 11240 12100 12220 21000 23000
11220 11230 12100 12220 21000 23000
11210 21000 23000 31000 50000
23000 31000 50000
11100 11210 11220 12100 12220 12230 14100 14200
11220 11240 12100 12220 13400 21000 23000
11220 11240 12100 12220 13400 21000
11100 11210 12100 12220 14200
11100 11210 11220 12100 12220 21000 23000 31000 50000
11210 11220 12100 12220 23000
11100 11210 11220 12100 12220
11100 11210 12100 12220
11210 11230 12100 12220 21000 23000 32000
11100 11210 12100 12220
11100 11210 12100 12220 14100
11210 12100 12220 14100 14200
11100 11210 11220 12100 12220
11220 11230 12100 12220 14200 21000 23000
11210 12100 12220 12230 14100 14200
11210 12100 12220 14100 14200 21000 50000
11220 11230 12100 12220 21000 23000
11230 11240 12100 12220 21000
11220 11230 12100 12210 12220 12230 21000 23000
11220 11230 12100 12210 12220 13300 13400 21000 23000
11230 12100 12220 13300 13400 21000 23000
13100 23000 31000
11220 11230 12220 21000 31000
11100 11210 12100 12220 14100 14200
11100 11210 12100 12220 14100 14200
11210 11220 12220 13100 21000 23000 31000
11220 12220 21000
21000 23000 31000
11230 12100 12220 23000 31000
11230 12100 12220 31000
11210 12220 31000
11220 11230 11240 12100 12220 23000 31000
12100 12220 12230 23000 31000
11220 11230 12220 13300 21000 31000
11220 11230 11240 12100 12220 21000 23000 31000
11100 11210 11220 11230 12100 12220 14200 31000
11100 11210 11230 12100 12220
11100 11210 11230 12100 12220 12230 14100 14200 31000
11210 12100 12220 13400 23000 31000 50000
11210 11220 11240 12220 14200 23000 31000
12220 23000 31000
11210 11220 12220
11210 12100 12220
11100 11210 11220 12100 12220
11220 11230 12100 12220 21000 23000
11210 11230 12100 12220 23000
11210 11220 12100 12220 14100
11210 11220 11230 12100 12220 23000
11100 11210 12100 12220
11100 11210 12100 12220 12230
11100 11210 12100 12220 12230
31000 50000
12220 23000 31000 32000
21000 23000 50000
23000 31000 50000
31000 50000
11100 11210 12220 13400 23000
11210 12220 23000 50000
11100 11210 12100 12220 13400 23000 31000
11210 12220 23000
11210 12220 23000
11210 12220 23000
11220 11230 12220 21000
11210 11220 11230 12220 21000 23000 31000
11100 11210 11220 11230 12100 12220 31000 50000
11100 11210 11220 12100 12220 14200 31000 32000 33000 50000
11220 12220 23000 50000
11210 11220 12220
11100 12100 12220
11100 11210 11220 11230 12100 12220 12230 14100 14200 23000 31000
11100 11210 11220 12100 12220 23000 31000
11210 11220 12100 12220 12230 12300 13100 13400 14200 21000 23000
11210 11220 12100 12220 12230 13400 14200 21000 23000 31000
11210 23000
11220 23000
11220 11230 12220 23000 31000 50000
11220 11230 12220 13300 21000 23000 31000
11210 11220 11230 11240 12220 21000 31000
11210 11220 11230 11240 12100 12220 13400 21000 23000 31000
11100 11210 11220 11230 12100 12220 31000
11240 11300 12220 21000 23000
11240 12220 21000 23000
11220 11230 12100 12220 13400 21000 23000
11210 11220 12100 12220 12230 21000 23000
11100 11210 11220 11230 12100 12220
11100 11210 11220 11230 11240 12100 12220 21000 23000 31000
11230 12100 12220 12230 21000 23000
11210 11220 12100 12220 14200 23000
11210 11220 12100 12220 31000
11100 11210 11220 12100 12220 23000
11100 11210 11220 12100 12220
11100 11210 11220 12100 12220 14100 23000
11100 11210 11220 12100 12220 14100
11210 11220 12100 12220 21000 23000 31000
11210 11220 12100 12220 21000 23000 31000 50000
11100 11210 11220 12100 12220 14100 14200
11210 11220 12100 12220 12230 23000 31000 50000
11210 11220 12100 12220 12230
11100 11210 11220 12100 12220 14100
11100 11210 12100 12220
11100 11210 12100 12220
11100 11210 12100 12220 23000 31000 50000
11100 11210 12100 12220 23000 31000
11100 11210 11220 11230 12100 12220 31000
11100 11210 11220 11230 12100 12220 31000
11210 11220 12100 12220 14100 14200 23000 31000 50000
11210 11220 12100 12220 14200
11210 11220 12100 12220 14100 14200
11100 11210 12100 12220 13400
11100 11210 12100 12220 13400
11100 11210 11220 12100 12220
11100 11210 12100 12220 12230 14200
11210 11220 11230 12100 12210 12220 12230 14200 21000 23000 31000
11220 12100 12220 14200 31000
11100 11210 12100 12220 13400
11100 11210 12100 12220
11210 11220 12100 12220 14200
11100 11210 11220 12100 12220 14200 23000 31000
11100 11210 12100 12220
11100 11210 12100 12220
11100 11210 12100 12220
11100 11210 12100 12220
11100 11210 12100 12220
11210 12100 12220 12230 13400 23000 32000
11100 11210 12100 12220 14200
11210 12100 12220 14200
11210 11220 12100 12220 12230 14100 14200 23000 31000 50000
11210 12100 12220
11100 11210 12100 12220
11100 11210 12100 12220 14200
11210 11230 12100 12220 21000 23000
11100 11210 12100 12220
11100 11210 12100 12220
11100 11210 12100 12220
11210 11230 12100 12220
11100 11210 11230 12100 12220
11210 11230 12100 12220 12230 23000
11210 11220 12100 12220 14200 31000
11210 11230 12100 12220 21000 23000
11100 11210 11220 12100 12220 12230 14100 14200
11210 11220 12100 12220 12230 14100 14200
11100 11210 12100 12220 12230 14100 14200
11100 11210 12100 12220
11100 11210 12100 12220
11100 11210 11220 11230 12100 12220 12230 23000
11100 11210 11220 12100 12220 14100 14200
11100 11210 11220 12100 12220 14100 23000
11210 12100 12220
11210 11220 12100 12220 23000
11100 12100 12220
11210 12100 12220 13400 14200 23000 31000
11100 11210 11230 12100 12220 23000 31000
11210 11230 12100 12220 13400 14100 14200 21000
11220 12100 12220 14200 23000
11210 12100 12220 14200
11100 11210 11220 12100 12220 12230 14100 14200 23000 31000
11100 11210 11220 12100 12220 12230 14100 23000
11100 11210 12100 12220 12230 14200
11210 11220 12100 12220 14200 23000
11220 12100 12220 23000
11100 11210 12100 12220 14200
11100 11210 12100 12220
11100 11210 11220 12100 12220 14100 14200 21000
11210 12100 12220 12230 14100 14200 21000 50000
11100 11210 12100 12220 14100 14200 50000
11100 11210 12100 12220 14100 14200 50000
11100 11210 12100 12220
11100 11210 12100 12220 14100 14200
11100 11210 11220 12100 12220 14100 14200 21000
11100 11210 11220 12100 12220 14100
11100 11210 12100 12220
11100 11210 12100 12220
11100 11210 12100 12220 14100 14200
11100 11210 12100 12220 14100 14200
11100 11210 12100 12220 12230 14100 14200
11100 11210 11220 12100 12220 12230
11100 11210 11220 12100 12220
11210 11240 12100 12220 12230 14100 14200 31000
11210 12100 12220 12230 14100 31000
11100 11220 12100 12220 14100 50000
11100 11210 11220 12100 12220 14100 50000
11100 12100 12220 50000
11210 11240 12100 12220 23000
11100 11210 11220 12100 12220 14200
11210 12100 12220 14200 23000
11100 11210 12100 12220 14100 14200
11100 11210 12100 12220 14100
11100 11210 11220 12100 12220 12230 31000
11210 12100 12220 12230 14100 31000
11210 11240 12100 12220 21000 23000 31000
11100 11210 12100 12220 14200
11100 11210 12100 12220 14200
11100 11210 12100 12220 14100 50000
11100 12100 12220 14100 21000 50000
11100 12100 12220 50000
11100 11210 11230 12100 12220 14200
11210 12100 12220 14100 14200
11100 11210 12100 12220 14100 50000
11100 11210 12100 12220
11100 11210 11220 12100 12220
11100 11210 12100 12220 14100 14200 50000
11100 11210 12100 12220 14100 50000
11100 12100 12220
11100 11210 11230 12100 12220 13400 14100 50000
11100 11210 12100 12220 14100 50000
11100 12100 12220 12230
11100 12100 12220 12230
11100 12100 12220
11100 12100 12220
11100 11210 12100 12220
11100 11210 12100 12220
11100 11210 11220 12100 12220 14100
11100 11210 11230 12100 12220 14100
11100 11210 11230 12100 12220
11100 11210 11220 12100 12220 14100 14200 23000 31000 50000
11100 11210 11220 12100 12220 14100 31000
11100 11210 11220 12100 12220 13300 14100 50000
11100 11210 11220 12100 12220 13300 14100 14200 31000 50000
11100 11210 12100 12220 14100 14200 50000
11210 11220 12100 12220
11210 11220 12100 12220 12230
11210 11220 12100 12220 23000
11100 11210 11220 12100 12220 14200
11100 11210 12100 12220 14200 23000
11210 12100 12220 14100 14200 50000
11100 11210 12100 12220 14100 14200 50000
11100 11210 12100 12220 14100
11100 11210 11220 11230 12100 12220 14100
11100 11210 11230 12100 12220 14100
11100 11210 12100 12220
11100 11210 12100 12220 13400 14100
11100 12100 12220
11100 11210 11220 12100 12220 12230 12300
11210 11220 11240 12100 12220 21000 23000
11210 11220 12100 12220 21000 23000
11210 11220 11230 11300 12100 12220 23000
11100 11210 12100 12220 14100
11100 11210 11220 12100 12220 14100 14200
11100 11210 11220 12100 12220 14100 14200
11210 11220 12100 12220 21000 23000
11210 11220 12100 12220 23000
11100 11210 11220 12100 12220 14200 21000 23000
11100 11210 12100 12220 14100 21000 23000
11100 11210 11220 12100 12210 12220 13400 14100 21000
11100 11210 11220 12100 12220 12230 14100 14200 21000
11100 12100 12220
11100 11210 11220 12100 12220 12230 12300
11210 11220 12100 12220 12230 12300
11100 11210 11230 12100 12220 14200 31000 50000
11210 11220 11230 12100 12220 31000 50000
11220 12100 12220 21000 23000
11100 11210 12100 12220
11100 11210 11220 11230 12100 12220 12230 14100 14200
11100 11210 11220 12100 12220
11100 11210 12100 12220 12230 12300
11100 11210 12100 12220 12230 12300
11220 14100 31000
11100 11210 11220 12100 12220 40000 50000
11100 11210 11220 11230 12100 12220 50000
11100 11210 11220 11230 12100 12210 12220 14100 14200 23000 50000
11210 11220 12100 12220 12300
11240 12100 12220 13400 21000 23000 50000
11240 12100 12220 21000 23000 50000
11210 11220 12100 12220 14100 14200
11100 11210 11220 12100 12220 12230 12300 50000
11100 11210 11220 12100 12220 12230 12300 50000
11100 11210 11220 11230 12100 12220 12230 31000 50000
11100 11210 11220 12100 12210 12220 13100 13400 14100 21000 23000
11100 11220 12100 12220 12230 12300 50000
11210 11220 12100 12220 14100 23000
11210 12100 12220 14100
11210 11220 11230 12100 12210 12220 14200 23000
11210 11220 11230 12100 12220 23000
11100 11210 11220 11230 12100 12220 23000 31000
11210 11220 11230 12100 12220
11100 11210 11220 11230 12100 12220 12230 12300
11240 11300 12220 21000 23000
11100 11210 11220 11230 12100 12220
11210 11220 12100 12210 12220 21000
11210 11220 11230 12100 12220 23000
11210 11230 12100 12220 23000
11210 11220 11230 12100 12220 21000 23000
11220 11230 12100 12220 21000 23000
11210 11220 11230 12100 12210 12220 13100 13400 14100 14200 23000
11100 11210 11220 11230 12100 12220
11100 11210 11220 11230 12100 12220 31000
11210 12100 12220 12230 40000 50000
11100 11210 11220 12100 12220 23000
11210 11220 12100 12220
11210 11220 12100 12220 23000 31000
11210 11220 12100 12220 23000
11100 11210 11220 12100 12220 14100
11100 11210 11220 12100 12220 23000
11100 11210 11220 12100 12220 14100 31000
11100 11210 12100 12210 12220 13100 23000
11210 12100 12210 12220 13100 13400 23000 31000
11210 11220 11230 12100 12220 12230 23000 31000
11100 11210 12100 12220 23000
11100 11210 11230 11240 12100 12220 14200 23000 31000
11100 11210 11240 12100 12220 23000 31000
11210 11230 12100 12220 12230 31000
11210 11220 12100 12220 12230 21000 23000 31000
11210 12100 12220 23000 31000
11210 11220 12100 12220 13400 14200 23000
11100 11210 11220 11230 12100 12220 14200
11210 11220 11230 12100 12220 14200
11100 11210 12100 12220 12230 14100
11220 12220 31000
11210 11240 12100 12220 12230 12300 31000
11210 12100 12220
11210 11230 12100 12220 12230 13100 21000 23000
11210 11220 12100 12220
11210 12100 12220
11210 11230 12100 12220 12230 13100 21000 23000
11210 12100 12220 12230 12300 13400 21000 31000
11100 11210 11230 12100 12220 12230 12300 14200 23000 31000
11210 11230 11240 12100 12220 12300 31000
11210 11230 11240 12100 12220 12300 31000
11210 12100 12220 12300 23000 31000 50000
11100 11210 11220 11230 12100 12220 23000 31000 50000
11210 11220 12100 12220 23000 31000
11210 11220 12100 12220 21000 23000
11100 11210 11230 12100 12220 12230 13100 13400 14200 21000 23000 31000
11210 11230 11240 12100 12220 12300 14200 31000
11100 11210 12100 12220 14100 50000
11100 12100 12220 14100
11100 11210 11220 12100 12220 14200
11100 11210 11220 12100 12220 12230
11100 11210 12100 12220 14200
11210 12100 12220 12230 14200 40000 50000
11100 11210 11220 12100 12220 14200
11210 11220 12100 12220 14100 14200
11210 11220 12100 12220 14200
11100 11210 11220 12100 12210 12220 14200
11100 11210 11220 12100 12220 14200
11100 11210 11220 12100 12220 14200
11100 11210 12100 12220 14100 50000
11100 11210 12100 12220 14100
11100 12100 12220
11100 11210 12100 12220 12230 14100
11100 12100 12220
11100 12100 12220
11100 11210 12100 12220
11100 11210 11220 12100 12220 12230 14100
11100 11210 11220 12100 12220 14200
11100 11210 11220 12100 12220
11100 11210 11220 12100 12220 14200
11100 12100 12220
11100 12100 12220
11100 11210 11220 12100 12220 14200
11100 11210 11220 12100 12220 14200
11100 11210 11220 12100 12220 12230
11100 11210 11220 12100 12220 14200
11210 11220 12100 12210 12220 14200 21000 23000
11100 11210 11220 11230 12100 12220 12230 14100 14200 31000
11100 11210 12100 12220 12230
11100 11210 11220 12100 12220 14200
11210 11220 12100 12220 23000 31000
11210 11220 11240 12100 12210 12220 14200 21000 23000 31000
11210 11230 12100 12220 23000 31000
11210 11230 12100 12220 23000 31000
11210 11220 11230 12100 12220 12230 23000
11100 11210 12100 12220
11210 11220 12100 12220 14200
11100 12100 12220
11100 11210 11220 12100 12220 14200
11100 12100 12220
11100 12100 12220
11100 12100 12220
11210 12100 12210 12220 14200 21000 23000
11210 12100 12210 12220 14200 23000
11210 11220 12100 12220
11100 12100 12220
11100 12100 12220
11100 11210 11220 12100 12220
11100 11210 11220 12100 12220
11210 11220 11230 12100 12220 23000
11100 11210 11220 12100 12220
11100 11210 12100 12220
11100 11210 12100 12220
11210 11220 12100 12220 14200 23000 31000
11100 11210 11220 12100 12210 12220
11210 11220 12100 12210 12220 14100 14200 23000
11100 11210 11220 12100 12210 12220 13400 14100 21000 23000
11100 12100 12220
11100 11210 12100 12220 12230 23000
11210 11220 12100 12220 14100
11100 12100 12220 12230 14200
11100 12100 12220 14200
11210 11220 12100 12220 23000
11210 11220 12100 12220 23000
11100 11210 12100 12220 12230 14100 14200 23000
11220 11230 12100 12220 21000 23000
11220 11230 12100 12220 21000 23000
11100 11220 12100 12220 14200 23000 50000
11100 11220 12100 12220 14200 21000 23000 33000 50000
11100 11210 12100 12220 21000 23000
11100 11210 12100 12220 21000 23000
11100 11210 12100 12220 12230 13400
11100 11210 12100 12220 12230 13400 23000
11100 11210 11220 12100 12220 12230 13400 14100 14200 31000
11210 11220 12100 12220 14100 14200 21000 23000 31000
11100 11210 12100 12220 21000 23000 31000
11100 11210 12100 12220 23000
11220 11230 12100 12220 21000 23000 31000
11220 11230 12100 12220 21000
11220 11230 12100 12220 21000 23000
12230 12300 14200 50000
11210 11220 12100 12220 12230 12300 13400 23000
12100 12220 14200
11230 11240 12220 21000 23000
11300 12220 21000 23000
12210 12220 21000 23000 31000
11220 11230 12100 12210 12220 12230 21000 23000 40000 50000
11210 12100 12210 12220 21000 23000 31000
12100 12210 12220 13100 21000 23000
11210 11220 12100 12210 12220 23000 31000
11230 12100 12210 12220 13400 21000 23000 50000
12100 12220 21000 23000 31000
11210 11220 12100 12210 12220 12230 14200 23000 31000
11210 12100 12210 12220 14200 21000 23000
11100 11210 12100 12220 13400 21000 23000 31000
11210 11220 11230 12100 12210 12220 13100 13400 14100 14200 21000 23000 31000
11210 12220 23000
11100 11210 11220 12100 12210 12220 23000 31000
11210 12100 12210 12220 13400 23000 31000
11210 12100 12210 12220 13400
11100 11210 11220 12100 12220 14100 40000 50000
11230 11240 12100 12220 21000 23000 50000
11210 11220 12220
11220 12220 23000 50000
11230 11240 12100 12220 21000 23000
11100 11210 12220 13400 23000
11210 12220
12100 12220 23000 31000
11230 11240 12100 12220 12230 21000 23000
12100 12220 23000 31000
11220 11230 12220 21000
12220 21000 23000 31000
11230 11240 11300 12100 12220 12230 21000 23000 31000 50000
11210 11300 12100 12220 21000 23000 31000
11300 12220 23000 31000
11210 11230 12100 12220 12230 13100 21000 23000
11210 12100 12220 12230 13400 14200
11220 12220 12230 23000 31000
11100 11210 11220 12100 12220 12230 14100 14200
11100 11210 11220 12100 12220 12230 14100 14200
11210 11240 12220 12230 14200 31000
11210 12100 12220 12230 12300 13100 23000 31000 50000
11210 12100 12220 14200 23000 31000 50000
11210 11300 12100 12220 12230 13300 23000 31000 50000
11210 11300 12220 12230 13300 31000
12100 12220 12230 13100 13400 23000 31000 50000
11210 11300 12100 12220 12230 13300 23000 31000 50000
12210 12220 12230 14200 23000 31000 50000
11210 11300 12100 12210 12220 12230 13300 13400 21000 23000 31000
11100 11210 11220 11300 12100 12210 12220 12230 13300 13400 14200 23000 31000
11100 11210 11220 12100 12210 12220 12230 13400 14200 31000
11100 11210 11230 12100 12220 12230 13400 21000 31000
12100 12220 12230 13100 21000 23000
11210 11220 12100 12220 14200 23000 31000
11100 11210 11220 12100 12220 14200 23000 31000 32000 33000 50000
11210 11220 12100 12220 23000 31000
11210 12100 12220 23000 31000
11210 12100 12220 31000 50000
11210 12100 12220 14200 31000 50000
12100 12220 12230 13100 21000 23000 31000 32000 50000
11210 12100 12220 12230 12300 13400 21000 31000 32000 50000
11210 12100 12220 12230 12300 31000 50000
11210 12100 12220 12230 12300 31000
11210 12100 12220 12230 13400 21000
11210 12100 12220 13400 21000
12100 12220 12230 13400 21000 50000
12100 12220 12230 13100 21000
11210 12220 23000
11300 12220 21000 23000 31000
11220 12220 12230 31000
11220 11230 12220 21000 23000
11300 12220 21000 50000
11220 11230 12220 21000 23000 31000
11300 12220 14200 23000 31000 50000
11210 11220 11240 12220 14200 21000 23000 31000 33000 50000
11210 11220 11240 12100 12220 14100 14200 21000 23000 33000
11100 11210 11220 12220 12230 13400
11100 12100 12220 12230 12300 14100 14200 23000 50000
11100 11210 11220 12100 12220 12230 14100 14200 23000
11100 11210 11220 12100 12220 12230 23000
11100 11210 11220 12100 12220 12230 13400 23000
11100 11210 11220 12100 12220 12230 23000 31000 50000
11100 11210 11220 12220 12230 13400
11100 11210 11220 12100 12220 12230 13400 23000
11100 11210 12100 12220 21000 23000
11300 12100 12220 12230 13400 21000 23000 31000
11210 12100 12220 12230 13400 21000 23000 31000
12100 12220 12230 21000 23000 31000
11100 11210 11220 12100 12220 12230 14200 21000 23000
11220 11230 12220 23000
11210 11220 12100 12220 12230 21000 23000 31000
11300 12100 12220 12230 21000 23000 31000
11300 12100 12220 12230 23000
11300 12100 12220 12230 12300 21000 23000
12100 12220 12230 12300 13100 21000 23000
12100 12220 12230 13100 21000 23000
11300 12220 21000 23000
11300 12220 23000 31000
11210 11220 11230 12220 23000 31000
11100 11210 11220 11230 12220 21000 23000 31000
12100 12220 13100 23000 32000
11300 12220 21000 23000 32000
11210 11220 11230 12100 12220 13400 14200 23000
11100 11210 11220 11230 12220 13400 14200
11100 11210 12100 12220 12230 12300 31000
11100 11210 12220 12230 12300 13400 14100
11210 11220 12100 12220 12230 12300 14100 23000
11210 11220 12100 12210 12220 12230 12300 14100 23000 31000
11100 11210 11220 12100 12220 12230 13100 13400 14200 23000 31000
12100 12210 12220 12230 13400 14200 23000 31000
11220 12100 12210 12220 14200 31000
11210 11220 12100 12210 12220 13400 23000 31000
11210 11220 12220 13400 14100 31000
11100 11210 11220 12210 12220 12230 14200 23000 31000
11100 11210 11220 12100 12220 23000 31000
11220 11230 12220 21000 23000
11300 12220 31000
11220 11230 11240 12220 21000 23000
11210 11220 12220 31000 50000
11100 11210 12220 13100 23000 31000 50000
11210 11230 12220 23000 31000
11220 11230 11240 12100 12220 21000 23000
11220 12100 12220 12230 12300
11220 12100 12220 12230 12300 14200 40000 50000
11220 11240 12220 23000 31000
11100 11210 11230 12220 12230 12300 13400 14100
11210 11220 11230 12100 12220 12230 13400 23000 31000
11100 11210 11220 12100 12220 12230 40000 50000
11100 11210 11220 12100 12220 12230 50000
11100 11210 11220 12100 12220 12230
11300 12220 21000 23000
11220 12100 12220 23000 31000
11210 11220 12100 12220 23000 31000
11230 11240 12220 21000 23000
11100 11210 11230 12220 23000 31000 50000
11240 12220 13400 23000 50000
11240 12100 12220 14200 21000 23000 50000
11100 11210 11220 12220 12230 12300 31000
11220 11230 12100 12220 12230 23000 31000
11220 11230 12100 12220 23000 31000
11220 11300 12100 12220 23000 31000
11210 11220 11240 11300 12220 14200 23000 31000
11100 11210 11220 12100 12220 12230 12300 14100 14200 23000 31000
11100 11210 11220 12100 12220 12230 12300
11230 12100 12220 21000 31000
11210 11220 11230 11240 12100 12220 12230 13400 23000 31000
11100 11210 11220 11230 12100 12220 12230 14200 23000 31000 50000
11210 11220 12100 12220 23000 31000
11210 11220 11230 12100 12220 12230 14200 23000 31000
11210 11220 11230 12100 12220 12230 13400 23000 31000
11210 11230 12220 21000 23000 31000
11100 11210 11220 11230 12100 12220 12230 14100 14200 23000
11100 11210 11220 12100 12220 12230 14100 14200
11100 11210 12100 12220 14100
11100 11210 12100 12220 14100
11100 11210 11220 12100 12220 14100 14200
11210 12100 12220 14100 14200
11210 12100 12220 12230 14100 14200 31000 50000
11210 11220 11230 12220 21000 23000
11210 11220 12220 12230 23000 31000 50000
11100 11210 11220 12100 12220 14100 14200 50000
11100 11210 11220 11230 12100 12220 14200
11210 12220 12230 14200
11100 11210 11220 12100 12220 12230 14100 14200
11100 11210 11300 12100 12220 12230 21000 23000 31000
11240 12220 12400 21000 23000 31000
11300 12220 14200 21000 23000 31000
11210 11220 12100 12220 12230 12400 14100 21000 23000 31000
11220 11230 12100 12210 12220 12230 21000 23000
11100 11210 11220 12100 12220 13400 23000 31000
11300 12220 21000 23000 31000 50000
11220 12100 12220 12400 14100 21000 23000 31000
11220 12100 12220 12230 12400 14100 21000 23000 31000
11230 11240 12220 21000 23000
11210 11220 11230 12220 21000 23000 31000
12100 12210 12220 21000 23000 31000
11220 11230 12100 12220 21000 23000
11220 11230 12100 12220 23000
11220 11240 12220 21000 23000 31000
12100 12220 21000 23000 31000
11220 11230 11240 12100 12220 21000 23000
11220 11230 11240 12220 21000 23000
11220 12100 12220 21000 23000 50000
11220 11230 12210 12220 12230 21000 23000
11100 11210 11220 11240 12100 12220 21000 23000 50000
11210 11220 11240 12220 21000 23000 31000
11220 11230 11240 12100 12220 21000 23000 31000 50000
11210 11220 11240 12220 21000 23000
11230 12220 21000 23000
11220 11230 11240 12100 12220 21000 23000
11220 11230 11240 12220 14200 21000 23000
11230 11240 12100 12220 21000 23000 31000
11210 11220 11230 12100 12220 14200 21000 23000 31000
11230 11240 12100 12220 21000 23000 31000
11300 12220 31000
11300 12220 21000 31000
11300 12220 21000 23000
11220 11230 11240 12100 12220 21000 23000 31000
11300 12220 21000 23000 31000 50000
11210 11220 12100 12220 14200 31000
12100 12220 21000 23000 31000
12100 12210 12220 21000 23000 31000
11210 12100 12210 12220 21000 23000 31000
11240 12100 12210 12220 21000 23000 31000 32000
11240 12100 12220 21000 23000 32000
11240 12100 12220 21000 23000 32000
11300 12220 21000 23000
11210 12100 12220 21000 23000
11100 11210 11220 12100 12220 12230 14100 23000
11240 12220 21000 23000
11220 12100 12220 21000 23000
11210 11230 11240 12100 12220 12300 31000
11100 11210 11240 12100 12220 23000 31000
11220 11230 12100 12220 21000 23000
11100 11210 11220 12220 31000
11100 11210 11240 12100 12220 23000 31000
11230 12220 21000 23000 31000
11210 11220 11300 12100 12220 14200 23000 31000
11210 11220 11300 12100 12220 14200 23000 31000
11220 11230 12220 21000 23000
11300 23000 31000
11100 11210 11220 12220 12230 31000
11300 12220 21000 23000
11220 11230 12220 21000 23000
11210 11220 12220 12230 23000 31000
11210 11220 11230 12220 21000 23000 31000
11210 12100 12220 12230 21000 23000 31000
12100 12220 12230 13400 21000 23000 31000
11210 11220 12220 21000 23000
11240 11300 12220 21000 23000
11100 11210 11220 12100 12210 12220 21000
11230 12100 12220 13300 21000 23000
11210 12100 12210 12220 14100 21000 23000 31000
11220 11240 12220 21000
11100 11210 12100 12220 14100 50000
11100 11210 11220 12100 12220 13300 14100 31000 50000
11100 11210 11220 12100 12220 14100 14200
12100 12220 21000 23000 31000
11240 12100 12220 21000 23000 32000
12100 12220 13100 21000 23000
11100 11210 12100 12220 12230 12300 14100 21000 50000
11240 12100 12220 21000 23000 31000 32000
11100 11210 12100 12220 12230 21000 50000
11240 12100 12220 21000 23000 32000
11100 11210 11220 12100 12210 12220 13400 14100 14200 21000
11100 11210 12100 12210 12220 13400 14100 14200
12100 12220 21000
11100 11210 11220 12100 12220 21000 23000
11210 12100 12220 14200 21000 23000
11210 12100 12210 12220 14200 21000 23000
11100 12100 12220 12230 14100
11220 11230 12100 12220 21000 23000 50000
12100 12220 12230 13100 21000 23000
11210 11220 12100 12220 12230 21000 23000
11210 11220 12100 12220 12230 13400 21000 23000 31000
11210 11220 12100 12220 12230 21000 23000 31000
11210 11220 12100 12220 21000 23000 31000 50000
11100 11210 11220 12100 12220 23000 31000 50000
11220 11240 12220 21000 23000
11210 11220 11230 12100 12220 21000 23000
11100 11210 11220 12100 12220 12230 14100 21000 23000 50000
11300 12220 23000
11220 11230 12100 12220 21000 23000
11220 11240 11300 12100 12220 13400 21000 23000
11300 12220 21000
11220 11230 12100 12220 13400 21000 23000
11210 11220 12100 12220 12230 21000
11230 12100 12220 21000 23000
12100 12220 13100 21000 23000
11220 11230 12220 21000 31000
11230 11240 12220 21000 31000
11230 11240 12100 12220 21000 23000 31000
11300 12100 12220 21000 23000 32000
11230 12100 12220 21000 23000
11210 11220 12100 12220 12230 21000 23000
11210 11220 11240 12220 21000 23000 31000
11210 11300 12100 12220 12230 13100 13400 21000 23000 31000 32000
12100 12220 21000 23000
11100 11210 12100 12220 12230 21000 23000
11210 11220 11230 12220 21000 23000 31000
11100 11210 11220 12100 12220 12230 13400 14200 21000 23000
11240 12220 21000 23000
11210 11220 11230 12220 21000 23000
11210 11220 11230 12220 21000
11300 12220 21000 23000
12210 12220 21000 23000 31000
11230 12220 12230 12400 21000 23000
11210 11220 11230 12220 21000 23000
11210 11220 11230 12100 12220 21000 23000
11240 12220 12400 21000 23000
11100 11220 12100 12220 21000 23000 50000
11230 11240 12100 12220 21000 23000
11220 11230 12100 12220 21000 23000 50000
11300 12220 21000
11240 11300 12220 21000 23000 31000
11300 12220 21000 23000
11100 11210 12220 21000 23000 31000
11100 11210 11220 12100 12220 12230 14100 14200 21000
11230 12210 12220 21000 23000
11100 12100 12220 23000 31000
12100 12220 14200 21000 31000 50000
11230 12220 12300 23000 31000 50000
11210 12100 12220 14100 14200 31000 50000
11210 11220 12100 12220 12230 13400 14100 14200 21000 23000
11210 11230 12100 12220 12230 13400 14200 21000 23000
11230 12100 12220 31000
11100 11210 12100 12220 14200
11100 11210 12100 12220 12230 14200
11100 11210 12100 12220 12230 14200
11210 11220 12100 12220 14100 14200 50000
11100 11210 11230 12100 12220 13400 14100 50000
11220 12100 12220 12230 12300
11210 11220 12100 12220 12230 14100 14200 50000
11210 11220 12100 12220 14200
11210 11220 12100 12220 14100 14200 31000 50000
11100 12100 12220 12230 14100 14200 21000 31000
11100 11210 11220 12100 12220 12230 14100 14200 21000
11100 11210 12100 12220 12230 14200
11100 11210 11230 12100 12220 13400 14100 50000
11100 11210 12220 12230 14200 31000
11100 11210 11220 11230 12100 12220 12230 14100 14200 23000
11300 12100 12220 23000 31000
11210 11220 12100 12220 12300 13400 14100 14200 50000
11100 11210 12100 12220 14100 50000
11220 11230 12100 12220 23000 31000
11100 11210 11220 11230 12220 14100 14200 50000
11100 11210 11220 11230 12220 14100 50000
11100 11230 12100 12220 12300 13400 14100 14200 50000
11100 11210 12100 12220 14100 50000
11100 11210 11220 12100 12220 14100 50000
11230 12100 12220 23000 32000
11100 11210 12100 12220 12230 12300 13400 14100 14200
11100 11210 11230 12220 12230 12300 14100
11210 11220 12100 12220 12230 12300
12100 12220 14100 14200
11100 11210 11220 11230 12100 12220 13400 14100
11210 11220 12220 14200 31000
11300 12220 21000 23000
11210 12100 12220 21000 23000
11220 11230 12100 12220 23000 31000 32000
11220 12100 12220 23000 31000
11230 12100 12220 23000
11210 11220 11300 12220 23000
11210 11220 11230 11300 12100 12220 21000 23000
11210 11220 12100 12220 23000 31000
11210 11220 12100 12220 23000 31000
11210 11230 12220 23000 31000
11210 11230 12220 21000 23000 31000
12220 12230 21000 23000 31000
11220 11230 12100 12220 12230 12400 21000 23000 31000
11210 11230 12100 12220 12230 12400 21000 23000
11220 11230 12100 12210 12220 12230 21000 23000 31000 50000
11230 11240 12100 12220 12230 21000 23000
11100 12100 12220 12230
11100 11210 12100 12220 12230 12300 21000 50000
11210 11220 11230 12100 12210 12220 12230 21000 23000
11210 11220 12100 12220 12230 13400 21000 23000 31000 50000
11100 11210 12100 12220 12230 14100
11100 11210 11220 12100 12220 12230 14100 14200
11100 11210 12100 12220 12230 14100 21000 50000
11100 11210 12100 12220 12230 12300 21000 50000
11210 11220 12100 12220 12230 13400 14100 14200 21000 23000 31000 50000
11100 11210 11230 12220 12230 12300 14100
11230 12100 12220 13100 21000 23000 31000 32000
11210 11220 12100 12220 14200 21000 23000
11100 11210 11220 12100 12220 12230 12300 21000 50000
11210 11220 12100 12220 12230 14100 14200 21000
11100 11210 12100 12220 14100
11210 11220 12100 12210 12220 13400 14100 14200 21000
11100 11210 11220 12100 12220 12230 13400 14100 14200 21000 23000 31000
11210 11220 11230 12100 12220 12230
12100 12220 12230 12300
12220 14200 23000 31000 50000
11220 12100 12220 12230 12300
11100 11210 11220 12220 12230 23000 31000
11100 11210 11220 12220 12230 14200 23000 31000
12220 13100 23000 31000 50000
12100 12220 12230 13100 23000 31000 32000 50000
11210 11220 12100 12220 12230 12300
11100 11210 11230 12220 12230 12300 13400 14100 50000
11100 11210 11220 11230 12100 12220 12230 14100 14200 21000 23000 31000
11100 11210 12100 12220 12230 14100 14200 23000 31000
11220 11230 12220 13300 21000 31000
11100 11210 11220 11230 12220 12230 14100 14200 23000 31000 50000
11100 11210 11220 11230 12220 12230 14200 23000 31000
11300 12220 12230 31000
11100 11210 12100 12220 12230 12300 13400 14100 31000
11220 11230 12220 13300
12100 12220 13300 21000 23000
11100 11210 11230 12100 12220 12230 14100 14200 21000 23000 31000
11100 11210 11220 12100 12220 12230
11220 12100 12220 12230
11230 12100 12220 13300 21000 23000
12100 12220 12230 12300
11210 11220 12210 12220 13100 14100 21000 23000
11210 11300 12100 12220 12230 13300 23000 31000 50000
11100 11210 11220 12100 12220 12230 12300 14200 23000 31000 50000
11210 11300 12100 12220 12230 13300 23000 31000
12100 12220 12230 13100 21000 23000 32000
11210 11230 12100 12220 12230 13100 21000 23000
11100 11210 11220 11230 12100 12220 12230 12300 23000 31000 50000
12100 12220 12300
11100 11210 12100 12220 13400 23000 31000
11100 11210 12100 12220 12230 12300 13400 14100 21000 50000
11220 12100 12220 12230 12300 50000
11220 12100 12220 12230 12300
11100 11210 12100 12220 12230 12300 14100 23000 31000 50000
12100 12210 12220 13400 21000 31000
11220 11230 12100 12220 13400 21000 23000
11100 11210 11230 12100 12220 12230 12300 13400 14100 31000 50000
12100 12220 12300 21000 23000
12220 13100 23000 31000
11210 12100 12220 12230 13400 23000 31000
12100 12220 12230 12300 50000
11100 11210 11230 12100 12220 13400 14100 50000
11210 12100 12220 12230 12300 13100 13400 14200 23000 31000 50000
11210 11230 11240 12100 12220 12230 12300 31000
11100 12100 12220 12300 13400 14100 50000
11100 11210 12100 12220 12230 12300 13400 14100 14200 50000
11210 12100 12220 12230 12300 13100 21000 23000
11220 11230 11240 12100 12220 12230 12400 14100 14200 21000 23000 31000
12100 13100 21000 31000
12100 13100 21000 23000 31000
12100 12220 13100 21000 23000
12100 12220 12230 13100 23000 31000 50000
11100 11210 12100 12210 12220 13100 23000
12220 13100 21000 23000 31000
12220 13100 21000 23000 31000
12220 13300 21000 31000
11100 11210 11220 12100 12220 13300 31000 50000
12100 12220 13400 21000 23000 31000
11100 11210 11220 11230 12220 13400 23000 31000
11100 11210 11220 11230 12220 13400 23000 31000
11210 11230 12100 12220 12230 13400 14100 14200 21000 23000
11210 12100 12220 13400 14200
11210 12100 12220 12300 13400 14100 50000
11210 11220 11230 12100 12220 12230 13400 23000 31000
11210 11220 12210 12220 13400 14100
11210 11220 12220 13400 14100
11240 12220 13400 50000
11210 12100 12220 12230 13400 21000
11100 11210 12100 12220 12230 13400 21000
11100 11210 11220 12220 12230 12300 13400 14100 31000
11100 11210 11220 12100 12220 12230 12300 13400 14100
11100 11210 11220 11230 12220 13400 14200
11220 12100 12220 12230 13400 14200 23000 31000
11210 12100 12210 12220 13400 23000 31000
12100 12220 13400 21000 23000
11210 11220 12100 12220 12230 12300 13400 23000
11100 11210 11220 12100 12220 12230 13400
11210 11220 12100 12220 13400 14200 23000
11210 11220 12100 12220 12230 13400 14100 14200 21000
11220 12100 12220 12400 14100 21000
11100 11210 11220 12100 12220 14100
11100 11210 11220 12100 12220 14100 23000
11100 11210 11220 12100 12220 14100
11100 11210 11220 12100 12220 14100
11210 12220 12230 14100 14200 21000 23000 31000 50000
11100 11210 12220 14100 14200 50000
11210 11220 12100 12220 14100 14200 31000
11100 11210 12220 14100 14200
11210 11220 12220 14100 14200 50000
11210 11220 12100 12220 14100 14200 31000 50000
11210 11220 12100 12220 14100 31000
11210 11220 12220 14100 14200 50000
11210 11220 12100 12220 12230 14100 14200
11100 11210 12100 12220 14100 50000
11100 11210 11220 12100 12220 14100 50000
11210 11220 12100 12220 14100 14200 31000 50000
11210 12100 12220 12230 14100 14200 21000 50000
11100 11210 12100 12220 14100 14200
11100 11210 12100 12220 14100 14200 50000
12100 12220 14100 14200 31000 50000
11210 12100 12220 14100 14200 50000
11100 11210 11220 12100 12220 14100 14200 50000
11100 11210 12100 12220 14100 14200
11100 11210 11220 11230 12100 12220 14100 14200 50000
11210 11220 11230 12220 14100 14200 50000
11100 11210 11220 11230 12220 14100
11100 12100 12220 14100 50000
11220 11230 12100 12220 14200 21000 23000
11100 11210 11220 12100 12220 12230 14100 14200
11100 11210 11220 12100 12220 14100 14200
11100 11210 12220 14100 14200 50000
11230 12100 12220 14100 14200 50000
11100 11210 11220 12100 12210 12220 14100 23000
11100 11210 12100 12220 14100 14200 50000
11210 12100 12220 12230 13400 14200 21000 23000
11220 12100 12210 14100 14200 21000 23000
11210 12100 12220 12300 14100 14200
11100 11210 12220 14100 14200
11100 11210 12220 12230 14100 14200
11100 11210 11220 12100 12220 14100 14200
11100 11210 11230 12220 12230 13400 14100
11210 12100 12210 12220 13400 14100 14200
11210 12100 12220 12230 12300 14100 50000
11210 11220 12100 12210 12220 13400 14100 14200
11100 11210 12220 14100 14200 50000
11100 11210 12220 12230 12300 14100
11210 12100 12220 14100 14200 50000
11100 11210 11220 12100 12220 14100 50000
11100 11210 11220 12100 12220 14100 50000
11100 11210 12100 12220 12230 14100
11100 11210 12100 12220 14100 50000
11100 11210 12100 12220 14100 21000 50000
11100 11210 11230 12100 12220 13400 14100 50000
11100 11210 12220 12300 13400 14100
11100 11210 11220 12100 12220 14100 23000 31000
12100 12210 12220 14100 14200 21000 23000 31000 50000
11100 11210 11220 12210 12220 14100 14200 50000
11100 11210 11220 12100 12220 14100
11210 11220 12100 12220 12230 14100
11220 12100 12220 12230 14100 23000
11210 12100 12220 14100 14200 21000 23000
11210 11220 12100 12220 14100 14200 21000 31000
11210 11220 12100 12220 12230 14100 14200 31000 33000
11100 11210 11220 12100 12220 14200
11210 11220 12100 12220 14100 14200 50000
11210 11220 12100 12220 13400 14100 14200 21000 23000
11210 11220 12100 12210 12220 13100 14100 14200 21000 23000 31000
11300 12220 12400 14200 21000 23000 31000
11220 12220 12230 14200 23000 31000 50000
11100 11210 11220 11230 12100 12220 12230 13400 14100 14200 21000
11220 12100 12220 14200 23000 31000
11100 11210 12100 12220 12230 14200
11210 11240 12100 12220 12230 14100 14200 31000
11210 11220 12100 12220 14100 14200 50000
11100 11210 11220 12220 14200 31000
11210 11220 12100 12220 14200 23000 31000 50000
11210 12100 12220 14200
11210 11220 12100 12220 12230 14100 14200 21000 50000
11210 11220 12100 12220 14200 21000 23000
11210 11220 12100 12220 14200 21000 23000 31000
11210 11220 12100 12220 14100 14200
11210 11220 11230 12220 14100 14200 50000
11100 11210 12220 12230 14200
11100 11210 12100 12220 14100 14200 50000
11100 11210 12100 12220 14100 14200 50000
11100 11210 12220 12230 14200
11100 11210 12100 12220 14100 14200
11210 12100 12220 14100 14200 50000
11210 11220 12100 12220 14100 14200 50000
11100 11210 12100 12220 14100 14200 50000
11210 12100 12210 12220 13400 14100 14200
11100 11210 12100 12220 12230 14100 14200 21000 31000 50000
11210 12220 12230 14200
11100 11210 12100 12220 14200
11210 11220 12100 12220 14200 31000
11100 11210 11220 11230 12100 12220 14100 14200 31000 50000
11100 11210 12220 12230 14200 31000
11100 11210 11220 11230 11240 12220 14200 23000 31000 50000
11100 11210 11220 11230 12220 12230 14100 14200 23000 31000
11100 11210 11220 12100 12220 14100 14200
11100 11210 11220 12100 12220 12230 14100 14200 21000 31000
11100 11210 12100 12220 12230 14200 23000 31000
11100 11210 12100 12210 12220 14100 14200 21000 23000
11100 11210 11220 12100 12220 14200 21000 31000
11210 12100 12220 14100 14200
11210 11220 12220 14200 31000
11100 11210 11220 12100 12210 12220 14200 21000 23000
11100 11210 11220 12100 12220 14100 14200
11210 11220 11230 12220 14100 14200 50000
11100 11210 11220 12100 12220 14100 14200
11210 12100 12210 12220 14200 21000 23000
11210 12100 12210 12220 14200 21000 23000
11100 12100 12220 14100 14200 50000
11210 11220 11300 12100 12220 12230 14200 23000
11100 11210 11220 11230 12220 13400 14200 21000 23000
11210 12220 14200 31000
11100 11210 11220 12100 12210 12220 14200 31000
11100 11210 11220 12220 12230 14200 23000 31000
12210 12220 12230 14200 21000 23000 31000 50000
12100 12220 12230 14200 23000 31000 40000 50000
11210 11220 11230 12100 12220 14200
11100 11210 12220 14200 31000 50000
11210 11220 12100 12220 14100 14200 21000 33000
11210 11220 11300 12100 12220 12230 14100 14200 21000 23000
11100 11210 12220 14100 14200 21000 23000
11210 11220 11300 12100 12220 13400 14200 21000 23000 31000 33000 50000
11100 12100 12220 12300 14200 50000
11100 11210 11220 12220 14200 21000 23000
11220 12220 14200 31000 50000
11100 11210 11220 12100 12220 14200 21000 23000
11210 12220 14200 31000 33000 50000
11100 11210 11220 12100 12210 12220 12230 13400 14200 23000 31000
11100 11210 11220 12220 12230 14200 23000 31000 50000
11220 11230 12100 12210 12220 14100 14200 21000 23000 50000
12100 12220 14200 21000 23000 50000
12100 12220 14200 21000 23000 50000
11210 11220 12100 12220 12230 40000 50000
12100 12230 14200 40000 50000
11210 11220 11230 11240 12100 12220 21000
21000 23000
11220 11230 12220 21000 23000
11210 11220 11230 12210 12220 21000 23000 31000
12220 21000 23000 31000 50000
12220 21000 23000 31000
12220 21000 23000 31000
11210 12220 21000 23000 31000
11220 12220 21000 23000
12100 21000 23000 50000
11300 12220 21000 23000
12220 12230 21000 23000 31000
12220 21000 23000 31000
12220 21000 23000
11220 11230 12100 12220 21000 23000 31000 50000
11230 12220 21000 23000
11220 12220 21000
11100 11210 11220 12220 12230 13400 31000
11210 11220 11230 12210 12220 21000 23000
11220 11230 12100 12220 12230 12400 21000 23000 31000
11210 11220 11300 12220 21000 23000 31000
11230 12220 21000 31000 50000
11220 11230 12220 21000 23000 31000
13100 21000 23000
11210 11220 12220 21000 23000 31000 50000
11230 12220 12400 21000 23000 31000 50000
11230 12220 12230 12400 21000 23000
12220 21000 23000 31000
11230 12100 12220 12400 21000 23000 31000 50000
11240 12220 12230 12400 21000 23000
11210 11230 12220 21000 23000 31000
12210 12220 21000 23000 31000
12210 12220 21000 23000 31000
11210 11300 21000 23000
11230 12220 21000 23000
11220 12100 12220 12400 14100 21000 23000 31000
11230 12100 12220 12230 12400 21000 23000 31000
11230 12220 21000 23000
11230 21000 23000
11230 21000 23000
11220 11230 12220 21000 23000 31000
11220 12210 12220 12230 21000 23000 31000 32000
12210 12220 21000 23000 31000 50000
11100 11220 12100 12220 12230 14100 14200 21000 31000
11230 12220 12230 12400 21000 23000 31000 50000
11230 11240 12220 21000 23000
11220 11230 12220 21000 23000
11220 11230 11240 12220 13100 21000 23000
11210 11220 12220 21000 23000 31000 50000
13100 21000 23000
11210 11220 11230 12100 12220 21000 23000 31000
11220 11230 11240 12100 12220 21000 23000
13100 21000 23000
11300 12220 21000 23000 31000
11100 11210 12220 31000
11300 21000 23000 31000
11230 12100 12210 12220 13300 21000 23000
11230 11240 12100 12220 21000 23000
11100 11210 12220 12230 21000 23000 31000 50000
12220 21000 23000 50000
11220 11230 12100 12210 12220 12230 21000 23000 31000
12100 12220 13100 21000 23000
11100 11210 12100 12220 12230 12300 14100 21000 50000
12100 12220 21000 23000
11220 11230 12100 12210 12220 12230 21000 23000
11210 11230 11300 12100 12220 21000 23000 32000
11100 11210 12100 12220 12230 14200 21000 23000
11240 12100 12220 21000 23000 32000
12100 12220 12230 21000 23000 31000
11210 12100 12220 12230 21000 23000
11220 12100 12220 12230 21000 23000
11300 12220 21000 23000
12100 14200 21000 23000
11220 11230 12100 12220 13300 13400 21000 23000
11230 11240 12100 12220 12230 21000 23000
11210 11220 12100 12220 14200 21000 23000
11220 12220 14200 23000 31000
11220 11230 12100 12220 13400 21000 23000
11230 11240 12100 12220 12230 21000 23000 31000 50000
11300 12100 12220 21000 23000 32000
11230 11300 12220 12230 21000 23000
11100 11210 11220 12100 12220 12230 13400 14100 14200 21000 23000
12210 21000 23000 50000
12230 21000 23000 31000 50000
11210 14200 21000 23000
11300 12220 12230 21000 23000 31000
11230 12100 12220 12230 21000 23000 31000
11300 12220 21000 23000
11230 11300 12220 21000 23000
11220 12210 12220 12230 21000 23000
12100 12220 21000 23000
11220 11230 12100 12220 21000 23000
11220 12210 12220 12230 21000 23000
12220 21000 23000 31000
11230 12220 12230 12400 21000 23000
11230 12220 21000 23000 31000 50000
11220 11230 12100 12220 21000 23000
12100 12220 12230 14100 14200 21000 23000 31000 50000
11100 11220 11230 12100 12220 21000 23000 31000 50000
11240 12220 12230 12400 21000 23000 31000
11220 11230 11240 11300 12100 12220 13100 21000 23000 31000
11210 11220 12100 12210 12220 21000 23000
11220 11240 12210 12220 21000 23000 31000
11300 21000 23000
11100 11210 11220 11230 11240 11300 12100 12220 21000 23000 31000 50000
11210 11220 12100 12220 12230 21000 23000
11100 11210 11220 12100 12220 21000 23000 50000
11220 11230 12100 12220 21000 23000
11210 11220 11230 12220 12230 21000 23000 31000
13100 21000 23000 31000
13100 21000 23000 31000
11220 11230 12100 12220 21000 23000
12220 21000 23000 31000
21000 31000
11300 12100 12220 13400 21000 23000 31000
11220 11230 12100 12220 21000 23000 31000
12100 12210 12220 13100 13400 21000 23000 31000
11210 11220 12220 13100 21000 23000 31000
11210 11220 11300 12220 12230 13100 14200 21000 23000 31000
11220 11230 11240 12100 12210 12220 13400 21000 23000
11300 12220 21000 23000 31000
11220 11230 12100 12220 21000 23000
11300 21000 23000
11220 11230 11240 12220 21000 23000 31000
11210 11220 11230 11240 11300 12100 12220 12230 14200 21000 23000 31000
11220 12100 12220 21000 23000
12100 14200 21000 23000 31000
21000 23000
11300 12210 12220 21000 23000 31000
11220 12220 21000 23000 31000 50000
11210 11220 11240 12100 12220 21000 23000 31000
11220 11230 11240 11300 12100 12210 12220 13400 21000 23000 50000
11210 11220 12100 21000 23000 31000 50000
11220 12100 12220 21000 23000 31000 50000
12100 12210 21000 23000 31000
11210 12100 12220 14100 14200 21000
12100 12220 21000 23000 31000
11210 12100 12210 12220 14200 21000 23000
12100 12210 21000 31000
11210 12100 12210 12220 14200 21000 23000
11210 11220 12220 21000 23000
11300 12100 12220 21000 23000 31000 50000
12100 12220 21000 23000 31000
11300 12220 21000 23000 31000
11240 12100 12220 21000 23000 32000
12220 21000 23000
11100 11210 11220 12100 12210 12220 13400 21000
12220 21000 23000 31000
11220 11230 11300 12100 12220 21000 23000
21000 23000 31000
11300 12220 21000 23000 31000
11220 11240 12100 12220 21000 23000
21000 23000
12220 21000 23000
11210 12100 12220 21000 23000
11230 13100 21000 23000
11240 12100 12220 14200 21000 23000 50000
11210 12100 12220 12230 13400 21000 50000
12220 21000 23000 31000
11100 11210 12100 12220 14100 14200 21000 23000
11100 11210 11220 12100 12220 21000 23000
11210 11220 12220 21000 23000
12220 21000 23000
11100 11210 11220 11230 12220 13100 21000 23000 31000
11210 11220 11240 12220 21000 23000 33000
12100 12230 13100 14200 21000 23000 31000 32000
11210 11230 12100 12220 12230 13100 21000
11210 11230 12100 12220 12230 13100 21000
11240 12100 12220 21000 23000 50000
13100 21000 23000 31000 50000
11210 11220 12100 12220 21000 23000 31000
11210 11220 12220 13100 21000 23000 31000
12100 12220 12230 21000 31000
11220 12100 12220 14100 14200 21000 23000 31000 33000
12100 12230 21000 23000 31000
12100 12220 12230 13400 21000 23000 31000
12230 14200 21000 23000 50000
12100 12210 12220 14100 21000 23000 31000
12100 12220 13400 21000
12100 12220 12230 13100 21000
11300 12100 12220 21000 23000 31000 50000
12100 12210 12220 13100 14100 14200 21000 23000 31000
11300 12220 21000 23000 50000
11210 11220 12100 12220 12230 21000 23000
12230 21000 23000 31000 50000
12100 12220 12230 13100 21000 23000
11220 12210 12220 21000 23000 31000 40000 50000
11210 11220 12220 21000 23000 31000 50000
21000 23000 31000 40000 50000
11210 12100 12220 12230 13100 21000 23000
11210 11220 11240 12220 21000 23000 33000
11210 11220 11230 12100 12220 12230 13100 14200 21000 23000 31000
11240 12220 21000 23000 31000
11240 12220 21000 23000
11100 11210 11220 12220 14200 21000 23000
11210 21000 50000
11220 11230 12220 14200 21000 23000 31000
11220 11230 12100 12220 21000 23000
11100 11210 11230 12100 12220 21000 23000 31000
11210 11300 12220 13300 21000 50000
11220 11230 12220 21000 23000 31000
11220 11300 12220 21000 23000 31000 50000
11220 11230 11300 12100 12220 21000 23000 31000
11230 11300 12220 21000 23000
12100 12220 21000 23000
11300 12100 12220 12230 21000 23000 31000
11220 12100 12220 21000 23000
11210 11230 12220 21000 23000 31000
11220 11230 12220 14200 21000 23000 31000
11230 11300 12220 13100 21000 23000
12220 21000 23000 31000
11220 11230 12220 21000 23000 31000
12220 21000 23000 31000
11230 12220 12230 21000 23000 31000
11220 12100 12220 12230 21000 23000 31000
12100 12220 12230 21000 23000 31000
11300 12220 21000 23000 32000
12220 12230 21000 23000 31000
11210 11230 12220 21000 23000 31000
12220 21000 23000
11220 11230 11300 12220 21000 23000
12100 12220 12230 12300 13100 21000 23000
12100 12220 12230 14200 21000 23000
11100 11210 12220 31000
11300 12220 21000 23000 31000
11210 11220 12220 21000 23000 31000
11210 11220 12220 14200 21000 23000 31000
12220 21000 23000 31000
11210 11220 12220 21000 31000
11210 11220 11230 12100 12220 12230 21000 23000 31000
11220 12220 21000 23000 50000
11220 12100 12220 12230 12400 21000 23000 31000
11210 11220 12100 12220 12230 12300 14100 14200 23000
11300 12100 12220 12230 12300 21000 23000
12100 12220 13100 21000 23000
11230 12220 12230 12400 21000 23000
12220 21000 23000 31000
11230 11240 12220 12230 12400 21000 23000
11220 12220 14200 23000 31000 33000 50000
11210 11220 12220 21000 23000
12220 21000 23000
11210 11230 12220 21000 23000 31000
12100 12210 12220 21000 23000
11230 11240 12220 21000 23000
11210 11240 12100 12220 23000 31000
11100 11210 11220 12100 12220
11210 11220 12100 12220 23000 31000
11100 11210 11220 11230 12220 12230 14200 23000 31000
11100 11210 11230 12220 12230 14200 23000 31000
11100 11210 11220 12220
11210 11220 12100 12220 14100 23000
11100 11210 11220 12220 14100 23000
11210 11220 12220 12230 23000
11220 21000 23000 31000
11100 11210 11220 11230 12100 12220 13400 14100 50000
12210 23000 31000
11100 12100 12220
11100 12100 12220
12220 21000 23000
12220 21000 23000 31000
12210 12220 12230 21000 23000 31000
11100 12100 12220
12100 12220 21000 23000 31000 50000
12220 21000 23000 31000 50000
12220 21000 23000 31000 50000
12220 21000 23000 31000
23000 31000
11220 11230 12210 12220 21000 23000 31000
11100 11210 12100 12220 13400 23000 31000
12210 12220 21000 23000 31000
11300 21000 23000 31000
11210 11220 11230 12100 12220 23000 50000
11220 11230 12100 12220 21000 23000 31000 50000
11240 12100 12220 21000 23000 31000
11210 11230 12100 12220 23000 31000 50000
11210 12220 21000 23000
11230 12220 21000 23000
12210 12220 21000 23000 31000
11220 12100 12220 12400 21000 23000 31000
12100 12220 21000 23000 31000
12210 12220 21000 23000 31000
11220 12220 12230 21000 23000 31000
12220 23000 31000
23000 31000
12210 12220 21000 23000 31000
12220 21000 23000 31000
12220 12230 21000 23000 31000
21000 23000
11300 12220 21000 23000 31000
11220 11230 11240 11300 12100 12220 21000 23000 31000 50000
11220 11230 12220 21000 23000 31000
11220 12220 12230 21000 23000 31000
12220 21000 23000 31000
11210 12220 21000 23000 31000
11220 12220 12230 21000 23000 31000
12210 12220 21000 23000
11210 12100 12220
11300 12220 21000 23000
12210 21000 23000
11220 12100 12220 12230 21000 23000 31000
12220 21000 23000 31000
11220 11230 12220 21000 23000 50000
12400 23000 31000
11210 12220 31000
21000 23000 31000
12220 12230 21000 23000 31000 50000
11220 11230 12220 21000 23000
21000 23000 31000
11230 12100 12400 21000 23000 31000
12220 13100 21000 23000 31000
11230 11300 12220 21000 23000
11230 11240 12100 12220 21000 23000
12100 12220 13400 21000 23000 31000
12220 12230 21000 23000
11220 12220 21000 23000 50000
11210 11220 12100 12220 12230 13400 21000 23000 31000
14200 21000 23000 31000
12220 21000 23000
11220 11230 11240 12100 12220 21000 23000 31000
11220 12220 21000 23000 50000
11210 11220 12100 12220 12230 14200 23000
11230 12220 21000 23000
12220 21000 23000 31000
11220 11230 12220 21000 23000
11210 11220 12220 21000 23000 31000
12210 12220 21000 23000 31000 50000
11210 11220 11230 12220 21000 23000 31000 50000
11100 11210 11220 12100 12220 21000 23000 31000 50000
11220 11230 11300 12100 12220 21000 23000 31000 50000
11220 11230 11240 12100 12210 12220 13100 21000 23000 31000
12220 21000 23000
12210 12220 21000 23000 31000
11100 11220 12100 12220 21000 23000 50000
11210 11220 12100 12220 14200 21000 23000 31000 50000
12220 21000 23000
11220 12220 21000 23000
11210 11220 12100 12220 12230 13400 21000 23000 31000
12220 12400 14200 23000 31000
11210 11220 11230 12100 12220 21000 23000
21000 23000 31000
11100 11220 12100 12220 21000 23000 31000 50000
11300 12220 12400 14200 21000 23000 31000
11220 11230 12100 12210 12220 21000 23000 31000
11220 11230 11240 12100 12220 21000 23000 31000 50000
11240 12220 12230 12400 14200 21000 23000 31000
21000 23000 31000 50000
11220 12100 12220 14200 21000 23000 31000 50000
11210 11220 12100 12220 14100 21000 23000 31000 50000
11210 11220 12220 23000 31000
11210 11220 12220 23000 31000 50000
11220 12220 21000 23000 31000 50000
11210 12100 12220 12230 23000
11100 11210 12220 23000 31000
11100 11210 12220 12230 21000 23000 31000 50000
11210 12100 12220 12230 21000 23000
11210 11220 12100 12220 12230 13400 14100 21000 23000 31000 50000
11210 11220 11300 12100 12220 12230 14200 23000 31000 50000
11210 11220 11300 12220 23000 31000 50000
11300 23000 31000 50000
11300 23000 31000 50000
11100 11210 11220 12100 12220 21000 23000 31000 50000
11300 23000 31000
11230 12220 21000 23000
11100 11210 11220 11300 12100 12220 13400 14200 21000 23000 31000 50000
11300 12220 21000 23000 31000 50000
12100 12220 12230 21000 23000 31000 50000
11220 11230 11240 12100 12220 21000 23000
11230 11300 12220 12230 21000 23000
12100 12220 13100 21000 23000
11230 11240 11300 12100 12220 21000 23000 50000
11220 12220 12230 21000 23000
11220 12100 12210 12220 12230 13100 13400 21000 23000 50000
11220 11230 12100 12220 13300 13400 21000 23000
11230 11240 12220 21000 23000 50000
12220 21000 23000 50000
11230 11300 12100 12210 12220 12230 21000 23000 31000 50000
11220 11230 12100 12210 12220 12230 21000 23000
11220 12210 12220 12230 21000 23000
11220 12100 12220 12230 21000 23000 31000 50000
11220 12210 12220 12230 21000 23000 50000
11300 12210 12220 21000 23000 40000 50000
11210 12230 21000 23000 31000 50000
11100 11210 11220 12100 12220 12230 21000 23000 31000 50000
11210 11220 11230 12100 12210 12220 12230 14200 21000 23000 31000 40000 50000
12230 21000 23000 31000 50000
11240 12100 12220 21000 23000 32000
12100 12220 23000 31000
12100 12220 23000 31000
12100 12210 14200 23000
12100 12210 12220 23000 31000
11240 12100 12220 21000 23000 32000
11240 12100 12220 21000 23000 31000 32000
11210 11230 12220 12230 23000 31000 50000
11210 11220 12220 12230 14200 23000 31000
11210 11220 11230 12100 12220 12230 13400 23000 31000
11220 12100 12210 12220 14100 14200 21000 23000
23000 31000
11210 11220 11230 12100 12220 12230 14200 23000 31000
11220 11240 12100 12220 23000 31000
11220 11300 12220 23000 31000
11210 11220 11240 11300 12220 23000 31000
11100 11210 11220 12100 12210 12220 14100 14200 21000 23000
11220 11230 12220 13400 23000 31000
11210 11220 11230 11240 12220 14200 23000 31000
11210 11220 11230 12100 12220 12230 23000 31000
12220 21000 23000 31000
21000 23000 31000
12220 21000 23000
12100 12220 23000 31000
11210 12100 12210 12220 14200 21000 23000
11210 11220 12220 14200 23000 31000
11210 11220 12220 13100 21000 23000 31000
11210 11220 11230 12100 12220 14200 21000 23000 31000 32000
11210 11220 12100 12220 14200 21000 23000
11210 11220 12100 12220 23000
11230 12210 12220 21000 23000
11100 11210 12100 12220 23000
11240 12220 21000 23000 31000
11100 11210 11220 12100 12220 14200 21000 23000
11240 11300 12220 21000 23000 31000
11210 11220 12100 12220 21000 23000 31000 50000
14200 23000 31000 50000
11210 11220 12100 12220 21000 23000
11100 11210 11220 11230 11300 12100 12220 21000 23000
12100 12220 21000 23000
11210 11220 12220 14200 23000 31000 50000
21000 23000 31000
12100 12210 21000 23000 31000
11210 11220 11230 11240 12220 21000 23000 31000
12220 21000 23000 32000
21000 23000 31000 50000
11300 21000 23000
11210 11220 11230 12100 12220 21000 23000
11300 12100 12220 21000 23000 31000 50000
11220 12100 12220 23000 31000
23000 31000 50000
11210 11220 11230 12100 12220 21000 23000
11210 11220 12100 12220 21000 23000
11210 11230 11240 12220 31000
11210 11230 11240 12220 23000 31000
11300 12220 21000 23000
11300 12220 21000 23000
11300 12220 21000 23000 31000
12220 21000 23000 31000
11210 11220 12220 13100 23000 31000
11210 12100 12220 14200
11210 11220 12220 21000 23000 31000
11230 12100 12220 21000 23000 31000
11230 12100 12220
12220 21000 23000
12220 21000 23000
11300 12220 21000 23000
11210 11220 12220 13100 21000 23000 31000
12210 12220 21000 23000 31000
11220 11230 11240 11300 12220 13400 21000 23000
11220 11230 12100 12220 21000 23000 50000
11100 11210 11220 11230 12100 12220 12230 21000 23000
11220 11230 11300 12220 21000 23000 31000
11230 12220 13100 21000 23000 31000
11300 12220 21000 23000 31000
12100 12220 23000 31000
11210 12220 21000 23000 31000
11210 12100 12210 12220 13100 13400 23000 31000
11300 12100 12220 21000 23000 31000
12100 12220 21000 23000 31000
12220 21000 23000 31000 50000
11230 12210 12220 21000 23000
11220 11230 12220 21000 23000
12220 21000 23000
11210 12100 12220 12230 21000 23000
11210 11230 11240 12220 21000 23000 31000
11300 12210 12220 21000 23000 50000
12100 12210 13400 21000 23000 50000
11230 12100 12210 12220 13300 21000 23000
11230 11240 11300 12100 12220 21000 23000 32000
11220 11230 12100 12220 14200 21000 23000 31000
11230 12100 12220 12230 21000 23000
11210 11220 12100 12220 12230 23000 31000
11100 11210 11230 11240 12100 12220 12230 13400 14200 21000 23000
11240 12100 12220 21000 23000 50000
21000 23000 31000 50000
21000 23000 31000 50000
21000 23000 31000
11230 12220 21000 23000
11210 11230 12100 12220 12230 13100 14200 21000 23000 31000 32000
11100 11210 11230 12220 23000 31000
11210 11300 12100 12220 14200 21000 23000 31000 50000
11210 11220 12100 12220 23000 31000
11100 11210 11230 12220 23000 31000
11100 11210 11230 12220 23000 31000
11210 11220 11230 12100 12220 21000 23000 31000 50000
21000 23000 31000 50000
12100 12220 12230 21000 23000 31000
21000 23000 50000
12230 21000 23000 31000 50000
11210 12100 12220 12230 12300 13100 23000 31000 50000
21000 23000 31000 50000
11220 12220 13100 21000 23000 31000
11210 11220 12100 12220 12230 21000 23000 31000
12100 12220 12230 14200 23000 31000 50000
14200 23000 31000 50000
11210 11300 12100 12220 12230 13300 23000 31000 50000
11100 11210 11240 12100 12220 14200 23000 31000
11100 11210 12100 12220 14200 23000 31000
11210 12100 12220 14200 23000 31000
12100 12230 14200 21000 23000 31000 50000
11210 11220 12100 12210 12220 12230 13400 14200 23000 31000
12100 12220 12230 13100 23000 31000
12220 12230 14200 21000 23000 31000 50000
21000 23000 31000
11100 11210 11220 11230 12100 12220 14100 21000 23000 31000
11210 11220 12220 21000 23000 31000
11210 11230 12220 21000 23000 31000
11100 11210 11220 12220 12230 23000 31000
11100 11210 11220 11230 12220 21000 23000 31000
12100 12230 21000 23000 31000 50000
12100 12210 12220 12230 13400 14200 23000 31000
11210 12230 14200 23000 31000 50000
11210 11220 12220 12230 14200 23000 31000
11300 12220 13100 21000 23000 31000 32000 50000
11230 12220 21000 23000
11210 11220 11240 12220 21000 23000 31000 33000 50000
11300 12220 14200 23000 31000 50000
11100 11210 11220 12100 12220 12230 21000 23000 31000
11220 12100 12220 12230 23000 31000
12210 12220 12230 23000 31000
11210 11220 12220 14100 14200 23000
11300 23000 31000
11210 11220 12100 12220 13400 14100 14200 21000 23000 31000
11100 11210 12100 12210 12220 13100 13400 23000 31000
11300 12100 12220 13100 21000 23000 31000 32000
11300 12100 12220 12230 21000 23000 31000
11210 11220 11230 12220 12230 21000 23000 31000
11210 12220 12230 21000 23000 31000
11300 12100 12220 12230 12300 21000 23000 31000
12220 13100 23000 31000
11230 12220 12230 21000 23000 31000
12220 23000 31000
12220 13100 23000 31000 50000
11220 11230 12220 21000 23000
11210 12100 12220 12230 21000 23000 31000
12100 12220 12230 21000 23000
11210 11220 11300 12100 12220 12230 12300 13100 13400 21000 23000 31000
11210 12100 12220 12230 21000 23000 31000
12100 12220 13400 21000 23000
11220 11230 11300 12220 21000 23000 31000
11220 11230 11300 12220 21000 23000
23000 31000
11210 11220 11230 12100 12220 21000 23000
11210 11220 11230 12100 12220 23000
11230 11300 12100 12220 12300 23000 31000 50000
11300 12100 23000 31000
12220 21000 23000 31000
11300 12220 21000 23000 31000
12220 21000 23000
12100 12220 12300 14200 21000 23000 31000 50000
12100 14200 23000 50000
11210 11230 12220 21000 23000 31000
11210 11220 12100 12210 12220 13100 14100 21000 23000 31000
11210 12100 12220 23000 31000
11210 11220 11230 12100 12210 12220 13100 14100 14200 21000 23000 31000
11210 11220 11230 12220 23000 31000
21000 23000 31000 50000
11210 11220 11230 12220 21000 23000 31000 50000
11100 11220 12100 12220 21000 23000 31000 50000
11100 11210 11220 12100 12220 12230 21000 23000
11100 11210 12220 14200 21000 23000
11220 11230 12220 21000 23000
11210 12100 12220 21000 23000 31000
11220 11230 12100 12220 21000 23000
11100 11210 12100 12220 14100 14200 21000 23000 31000
11100 11210 11230 12220 21000 23000 31000
11230 12220 21000 23000 31000
11230 12220 21000 23000 31000
11220 11230 12100 12220 21000 23000
11100 11210 11220 12100 12210 12220 14100 14200 40000 50000
11220 12220 14200 23000 31000
11220 12220 14200 21000 23000
21000 23000 31000
11220 12220 14200 23000 31000 33000 50000
11100 11210 12100 12220 12230 12300 31000
11220 11230 12220 14200 21000 23000 31000
11220 11230 12220 14200 21000 23000 31000
12220 21000 23000 31000
11210 12100 12220 12230 12300 13100 13400 21000 23000
12220 12230 14200 21000 23000
12220 21000 23000 31000
11210 11220 11230 12220 21000 23000 31000
12100 12220 12300 13100 23000
11210 11220 11230 11300 12100 12220 12230 13100 14200 21000 23000 31000
11210 11220 12100 12220 23000 31000
12100 12220 23000 31000 32000
12100 23000 31000 32000 50000
11210 11220 11230 12100 12220 14200 21000 23000 31000
11210 12220 23000 31000
12220 21000 23000
11210 12100 12220 12230 12300 14200 23000
11220 11230 12220 21000 23000
11210 11220 11230 11300 12100 12220 14200 21000 23000 31000
11240 12220 21000 23000 31000
11100 11210 11220 12210 12220 14200 23000 31000 50000
11210 11220 12100 12220
11100 11210 11220 12220 14200 31000
11100 11210 12100 12220 31000
11210 11220 12220 31000
11100 11210 11220 12220 12230 21000
12230 12300 23000 31000 50000
11210 11220 12220
11100 11210 11220 11230 11240 11300 12100 12220 12230 12300 13100 13300 13400 14200 21000 23000 31000 32000 33000 40000 50000
11210 11220 11230 12100 12220 12230 14200 23000 31000 50000
12220 21000 23000 31000 50000
11210 11220 12100 12220 12230 23000
21000 23000 31000 50000
11100 11210 11220 12100 12220 12230 13400 14100 14200 21000
11100 11210 11220 11230 12100 12220 13400 14100 50000
11100 11220 12220 14100
11100 11220 12220
11100 11210 11220 12220
11100 11210 11220 12220
11100 11210 11220 12220
11210 11220 12100 12220 12230
11100 11210 12100 12220 14100
11100 11210 12100 12220 12230 14200
11100 11210 12100 12220 14100
11100 11210 12100 12220 14100
11220 11300 12100 12220 23000 31000
11220 12220 23000 31000
11100 11210 12100 12220
11220 11230 12220 12230 23000 31000
11100 12100 12220 12230
11100 12100 12220 12230
12220 21000 23000 31000
11240 12100 12230 21000 23000 31000
11220 11230 11300 12220 21000 23000 31000
11100 12100 12220
11100 12220
21000 23000 31000
11100 12220
11210 12100 12210 12220 21000 23000 31000
11100 12220
11100 12220
11100 11210 12100 12220
11100 11210 12100 12220
11100 11210 12100 12220 12230 31000
11100 11210 12100 12220
11220 12210 12230 21000 23000 50000
11210 12220 21000 23000 31000
11210 12100 12220 12230 13400 31000
11210 11220 11230 12220 23000
12220 21000 23000 31000
11210 12100 12220 13400 21000 23000 31000 50000
12100 12220 12230 12400 21000 23000 31000
12210 23000 31000
11230 11240 11300 12100 12220 21000 23000 31000
11300 12220 21000 23000 31000 50000
11220 12210 12220 21000 23000 31000
11210 12100 12220 21000 23000 31000
11300 12220 21000 23000 31000
12210 12220 12230 21000 23000 31000
12220 23000 31000 50000
11230 12220 21000 31000 50000
11210 11230 12100 12220 21000 23000 31000 50000
11230 12100 12220 12400 21000 23000 31000
11230 12400 21000 23000 31000
11300 12220 21000 23000 31000
12220 12400 21000 23000 31000
12220 21000 23000 31000
11220 12220 21000 23000 31000
11210 11220 12220 12230 21000 23000 31000
11230 12220 21000 23000 31000 50000
12220 21000 23000 31000
11220 12100 12220 12230 21000 23000 31000 32000
11210 11220 12220 21000 23000 31000
11210 11220 11230 12100 12220 12400 21000 23000 31000 50000
11300 14200 21000 23000 31000
12230 21000 23000 31000 50000
11210 21000 23000 31000
12230 21000 23000 31000 50000
11100 11210 12100 12220 23000 31000
11210 11220 11230 12220 13400 23000 31000
12220 12230 21000 23000 31000 50000
11100 11210 11220 12100 12220 23000 31000
11300 12220 12230 21000 23000 31000
11210 11300 12220 21000 23000 31000 50000
11210 11300 12220 23000 31000
11300 12220 21000 23000 31000 50000
12100 12220 13400 21000 23000 31000
11240 12220 12400 14200 21000 23000 31000
11210 11220 11240 12100 12220 23000 31000 32000
21000 23000 31000
12220 21000 23000 31000
12220 21000 23000 31000
21000 23000 31000
11210 11220 11230 11240 12100 12220 13400 21000 23000 31000
21000 23000 31000 50000
11220 12100 12220 23000 31000 32000
21000 23000 31000
12210 21000 23000 31000
12100 12220 13100 13400 21000 23000 31000
11210 11220 12100 12220 13300 14100 14200 31000 50000
11220 21000 23000 31000
11300 23000 31000 50000
11210 12100 12220 12230 13400 14100 14200 21000 23000 31000 50000
12100 12220 31000
12100 12220 31000 50000
11220 11230 11240 11300 12220 21000 23000 31000
11210 11220 12100 12220 21000 23000 31000 50000
11210 12220 12230 21000 23000 31000 50000
11210 11220 12100 14200 21000 23000 31000 50000
11210 11220 12100 12220 14200 23000 31000 50000
11210 11230 12100 12220 31000
11100 11210 11230 12100 12220 12230 14200 31000
12100 12220 14200 31000 50000
12220 21000 23000 31000
11210 12100 12210 12220 13400 23000 31000
11210 11220 12100 12220 12230 14100 21000 23000 31000 50000
12220 21000 23000 31000
12100 12220 21000 23000 31000 50000
11210 11220 12220 14200 23000 31000 50000
11210 11220 11230 12100 12220 31000 50000
12100 12220 12230 21000 23000 31000 32000 50000
12100 12210 12220 21000 23000 31000
11240 12220 14200 23000 31000
11220 11230 12100 12220 12230 12300 23000 31000 50000
11220 11230 12100 12220 31000
11230 11300 12100 12220 12300 23000 31000 50000
12220 21000 23000 31000
12220 21000 23000 31000
11210 11220 11230 12100 12220 12230 12300 14200 23000 31000 50000
12220 23000 31000
11100 11210 12100 12220 31000
11210 11300 12220 21000 23000 31000 50000
21000 23000 31000
11210 11220 11240 11300 12220 23000 31000
11210 11220 12100 12220 12230 21000 23000 31000
11100 11210 11220 11240 11300 12100 12220 12230 14200 23000 31000 50000
11210 11230 11300 12100 12220 12230 31000
11230 12100 12220 23000 31000
13100 21000 23000 31000
11210 11220 11230 11240 11300 12100 12220 12230 13400 14200 23000 31000 50000
11210 12220 12230 14200 31000
23000 31000
11210 12220 12230 21000 23000 31000 50000
11220 11300 12100 12220 12230 23000 31000
11210 11220 12220 12230 14200 21000 23000 31000 50000
11210 11220 11230 12100 12220 12230 14200 21000 23000 31000
11100 11210 12220 12230 14200 21000 23000 31000 50000
11220 12220 14200 23000 31000
11100 11210 11220 12220 12230 14200 23000 31000
11210 11220 12100 12220 12230 21000 23000 31000 50000
11210 11220 12100 12220 12230 21000 23000 31000
12100 12220 12230 13100 23000 31000
21000 23000 31000
11210 11220 12100 12210 12220 14200 23000 31000
11210 12100 12210 12220 12230 12300 13100 23000 31000
11100 11210 11220 11300 12100 12220 12230 13100 13300 13400 14200 23000 31000 50000
11100 11210 11220 12100 12210 12220 12230 14200 23000 31000
11210 12100 12210 12220 12230 23000 31000
11100 11210 11220 12100 12210 12220 12230 14200 23000 31000
12100 21000 23000 31000 50000
11210 11220 12220 13100 21000 23000 31000
12210 12220 12230 14200 23000 31000 50000
11210 11220 12220 12230 14200 23000 31000 50000
11210 11220 12220 12230 31000
11100 11210 11220 12220 21000 23000 31000
12210 12220 12230 31000
11210 12220 23000 31000
11210 11220 11300 12220 12230 31000
11100 11210 11220 12220 12230 23000 31000
21000 23000 31000
12220 21000 23000 31000
11100 11210 11220 11230 12100 12220 12230 21000 23000 31000
11100 11210 11230 11300 12220 13100 21000 23000 31000
11300 12220 23000 31000 50000
11300 12100 12220 12230 12300 21000 23000 31000
12220 13100 23000 31000 50000
11220 12220 31000
11100 11220 11300 12100 12220 12230 21000 23000 31000
12220 21000 23000 31000
11220 12220 12230 12300 13100 21000 23000 31000 32000 50000
12230 12300 23000 31000 50000
23000 31000 50000
11210 11220 12220 31000
11220 12220 21000 23000 31000
12220 21000 23000 31000
12220 13100 23000 31000
11300 12220 21000 23000 31000
11210 11220 12100 12220 12230 21000 23000 31000
12100 12220 12230 21000 23000 31000
11100 11210 11230 11300 12220 21000 23000 31000 50000
11210 11220 11230 12100 12220 23000 31000
11210 12100 12220 31000
11210 11220 12100 12210 12220 14100 21000 23000 31000
11210 11220 12100 12220 12300 21000 23000 31000 50000
12100 23000 31000 50000
11210 11220 11230 12220 21000 23000 31000 50000
11100 11210 12220 14200 23000 31000
12100 14200 23000 31000 50000
11100 11210 11220 11230 11240 12100 12220 12230 12300 13400 14200 23000 31000
11210 11220 11230 12100 12220 23000 31000 50000
12100 12220 14200 23000 31000 50000
12100 12230 13300 21000 23000 31000 50000
11100 11210 11240 12100 12220 14200 23000 31000
14200 23000 31000 50000
11210 12220 21000 23000 31000
11220 12220 14200 23000 31000 33000 50000
12220 14200 21000 23000 31000
12220 21000 23000 31000
11220 12220 14200 21000 23000 31000
11220 11230 12220 14200 21000 23000 31000
13300 21000 31000
11300 12220 14200 21000 23000 31000 50000
11300 12220 14200 21000 23000 31000 50000
11210 11220 12220 14200 23000 31000
11210 12100 12220 14200 31000 50000
11100 11210 12100 12220 14200 31000 50000
11210 11220 12100 12220 14200 31000 33000
23000 31000 50000
11210 12100 12220 23000 31000 32000 50000
11210 11220 12220 14200 31000 32000 33000 50000
21000 23000 31000
11100 11210 11220 12100 12220 12230 14100 21000 23000 31000
11230 12100 12220 21000 23000 31000 32000
11210 11220 11230 12220 23000 31000
21000 31000 32000
11210 11300 12100 12220 21000 23000 32000
11240 12100 12220 21000 23000 32000
11240 12100 12220 21000 23000 32000
12100 12220 12230 13100 21000 23000 31000 32000 50000
11100 11210 11220 11230 12100 12220 13400 14100 14200
11300 12100 12220 13100 21000 23000 31000 32000
12100 23000 31000 32000 50000
11100 11210 12220 31000 32000 33000
11100 11210 12220 14200 31000 32000 33000 50000
11210 11220 11240 12100 12220 14200 21000 33000 50000
11100 11210 11220 11230 12100 12220
11210 11220 11230 12100 12220 21000 23000 50000
12210 21000 23000 40000 50000
11230 12220 21000 31000 50000
11100 12100 12220 50000
21000 23000 50000
21000 23000 31000 50000
21000 23000 31000 50000
12230 23000 31000 50000
12100 21000 23000 50000
31000 50000
12100 23000 31000 50000
11220 12210 12220 21000 23000 50000
11230 12220 12230 21000 23000 31000 50000
11100 12100 12220 50000
11100 11220 11230 12100 12220 21000 23000 31000 50000
11100 11220 12100 12220 21000 23000 31000 50000
11220 12100 12220 14100 14200 50000
11100 11210 11220 12100 12220 13300 14100 14200 31000 50000
11100 12100 12220
11210 11220 12100 12220 12230 14100 21000 23000 31000 50000
11100 11210 11220 12100 12220 14100 50000
11210 12100 12220 12230 14100 14200 21000 23000 31000 50000
11100 11210 12100 12220 14100 14200 50000
11300 12230 14200 21000 23000 31000 50000
12230 14200 23000 31000 50000
11300 12210 12220 21000 23000 31000 40000 50000
11100 11210 12100 12220 12230 12300 14100 21000 50000
11100 11210 12100 12220 12300 14100 21000 50000
11220 12100 12210 12220 14200 21000 23000 31000 40000 50000
11210 11220 12220 12230 21000 23000 31000 50000
11100 12100 12220
11100 11210 12100 12220 12300 14100 50000
11210 12210 12220 31000 50000
11210 11220 11300 12220 12230 14100 14200 21000 23000 31000 50000
11100 12100 12220 12300 13400 14100 50000
11100 12100 12220 12300
11100 11210 12100 12220 12230 12300 13400 14100 21000 50000
11210 12100 12220 12300 13400 14100 50000
11100 11210 11220 12100 12220 14100 50000
11100 11210 12100 12220 14100 14200 50000
11100 11210 12100 12220 14100 14200 21000 50000
11100 11210 11220 11230 12100 12220 14100 14200 50000
11100 11210 11230 12100 12220 12300 13400 14100 14200 50000
11100 11210 11230 12100 12220 13400 14100 50000
11100 11210 12100 12220 23000
12220 13100 23000 31000 50000
11100 12100 12220 12300 50000
11100 11210 11220 12100 12220 12230 14200
11100 12100 12220 12300 50000
11100 11210 12220 14200
11100 11210 12220 12230 21000 23000 31000
11100 11210 11220 12100 12220 12230 31000
11210 12220 31000
11100 11210 11220 11300 12100 12220 12230 13300 14200 23000 31000
11100 11210 12220 14200 32000 33000
11100 11210 12220 14200 32000
11100 12100 12220
11100 11210 12220 14100 50000
11100 11210 12220 14200 31000 32000 50000
11100 12100 12220 13400 50000
11210 11220 12220 14200
11100 11210 11220 11230 12220 31000
11210 11220 12220 12230 31000
11210 11220 12220
11100 11210 12220
11100 11210 12100 12220 12230 13400
11100 11210 12220 23000 31000
11100 11210 11220 12220 12230 23000 31000
11100 11210 11220 12100 12220 14100 23000 31000
11100 11210 12100 12220 23000
11210 11220 11230 12100 12220 14200 31000
11100 11210 12100 12220 13400 14100 50000
11210 11220 11230 12100 12220 14200
11210 11220 11230 12220 23000
11210 11220 12220 12230 14200 23000
11100 11210 11220 12100 12220
11100 11210 11220 12100 12220 12230 14100 14200
11210 11220 11230 12220 14200 50000
11100 11210 12100 12220
11100 11210 12100 12220
11100 11210 12100 12220
11220 12100 12220 14200
11210 11220 12100 12220 14200
11210 11220 12100 12220 14100 14200
11210 12100 12220 12230 14100
11210 11220 12220 14100
11100 11210 11220 12220 14200
11240 12100 12220 31000 32000
11210 11220 12220 21000 23000
11100 11210 11220 12220
11100 11210 11220 12100 12220 31000
11100 11210 11230 12100 12220
11210 11220 12220 12230
11210 11220 12220
11100 11210 11220 12100 12220 14200
11100 11210 11220 12100 12220 14200
11100 11210 11220 12100 12220 14200 23000
11100 11210 12100 12220 14200
11100 11210 11220 12100 12220 13300
11100 11210 11220 12100 12220 31000
11210 11220 11230 12100 12220 23000 31000
11210 11220 12100 12220 31000
11210 11220 12220 23000 31000
11210 11220 11230 12220 14200 23000 31000
11100 11210 11220 12100 12220
11100 12100 12220
11100 11210 12220 14200 31000
11100 11210 11220 11230 12220
11100 11210 11230 12220 12230 14100 14200 23000
11100 11210 11220 12100 12220 31000
11100 11210 12220 14200 23000
11100 11210 12220 14200
11210 11220 11240 12100 12220 21000 23000
11210 11220 11240 12100 12220 21000 23000
11100 11210 11220 12220 23000
11100 11210 11220 12220 23000
11210 11220 12100 12220 31000
11100 11210 11220 12100 12220
11210 11220 12100 12220 23000 31000
11210 11220 12220 14100
12100 12220 12230 12300
11210 12100 12220 12230 12300
11100 12100 12220 12300 13400 14100 50000
11210 12100 12220 12230 14100 14200
11100 11210 12220 13400 14100
11210 11240 12100 12220 23000 31000
