11100 11210 11220 12100 12220 13400 14100
11230 11240 12100 12210 12220 12230 13400 21000 23000 31000
11240 12220 13400 14100
11100 11220 12220 13400 14100
11240 11300 12100 12220 14100 14200 21000 23000 31000 32000 50000
11220 11230 11240 11300 12100 12220 13400 14200 21000 23000 32000 50000
11220 11240 11300 12100 12220 14200 21000 23000 31000 32000 50000
11300 12100 12220 21000 50000
11240 11300 12100 12220 21000 31000 32000 50000
11300 12220 21000
11220 11230 11240 11300 12100 12220 14100 21000 23000 24000 50000
11100 12100 12220
11220 11240 12100 12220 21000
11220 11240 12100 12220 21000
11100 11210 12100 12220 14100 21000 32000
11240 12100 12220 13400 14100
11240 12100 12220 13400 14100
11100 11210 11230 12100 12220 14100 14200
11100 11210 11220 12100 12220 14100
11100 11210 11220 12100 12220 14100
11100 11210 11220 12100 12220 14100
11100 11210 11220 11230 12100 12220
11100 11210 11220 11230 12100 12220
11100 11210 11230 12100 12220 21000
11100 11210 11220 11230 12100 12220 21000 23000
11100 11210 11220 11230 12100 12220 21000 23000
11100 11210 11220 11230 12100 12220 21000
11100 11210 11220 11230 12100 12220 21000 23000
11100 11220 11230 11240 12100 12220 13400 14100 21000 23000
11100 11210 11220 11230 12100 12220
11100 11210 11220 12100 12220 14100
11100 11210 11220 11230 12100 12220
11100 11210 11220 12100 12220 14100
11100 11210 11220 12100 12220 12230 14100 21000
11230 12100 12220 21000
11100 11210 11220 11230 12100 12220 13400 14100 14200 21000
11100 11210 11230 12100 12220 12230 13400 14100 14200
12100 12220 12230
11100 11220 12100 12220 13400 14200
12100 12220
12100 12220
12100 12220 13400 14100 21000
12100 12220 12230
12100 12220 12230 13400 14100 14200
12100 12220 13400
12100 12220 13400
11100 11210 11220 12100 12220 14100
12100 12210 12220 13400 21000
11100 11210 11220 11230 12100 12220 14100
11100 11220 12100 12220 13400 14200
11100 11220 12100 12220 13400 14200
11100 11210 11220 11240 12100 12220 14100
11100 11210 11220 12100 12220 14100 14200
11100 11210 11220 11240 12100 12220 14100 14200
11100 12100 12220 14200
11100 11210 12100 12220 14100 14200
11100 11210 11230 12100 12220 13400 14100
11100 11210 11220 11240 12220 13400 14100 50000
11100 11210 11220 11240 12100 12220 13400 14100
11100 11210 11220 11240 12220 13400 14100 50000
11100 11210 12220 14100
11100 11210 11220 11230 12220 14100
11100 11210 11240 12100 12220 13400 14100 14200 50000
11100 11210 11230 12100 12220 14100 14200
11100 11210 11230 12100 12220 14100
11100 11210 12100 12220 14100 14200
11100 11210 11230 12100 12220 14100
11100 11210 12100 12220 14100
11100 11210 12100 12220 14100
11100 11210 11230 12100 12220 14100 14200
11100 11210 11230 12100 12220 13400 14100 50000
11100 11210 11230 12100 12220 13400 14100 50000
11100 11210 11230 12100 12220 13400 14100
11100 11210 11220 11240 12220 13400 14100
11100 11210 12100 12220 14100 14200
11100 11210 11230 12100 12220 14100 14200
11100 11210 11220 11230 12100 12220 14100 14200
11100 11210 11230 11240 12100 12220 13400 14100 14200 50000
11100 11210 11220 11230 11240 12220 14100
11100 11210 11230 12100 12220 14100 14200
11100 11210 11220 12100 12220 14100
11100 11210 12100 12220 14200
11100 11210 11220 11230 12100 12220 14100
11100 11210 12100 12220 14100
11100 11210 12100 12220 14100
11100 11210 12100 12220 14100
11100 11210 12100 12220
11100 11210 11220 11230 12100 12220 14100 14200
11100 11210 11220 11230 11240 12100 12220 14100
11100 11210 12100 12220 14100
11100 11210 12100 12220 12230 13400 14100 14200
11100 11210 11230 12100 12220 12230 13400 14100
11100 11210 11220 11230 12100 12220 14100
11100 11210 11230 12100 12220 12230 14100
11100 11210 12100 12220 14100 50000
11100 11210 12100 12220 14100 50000
11100 12100 12220 14100 50000
11100 11210 11220 12100 12220 12230 14100
11100 11210 11220 12100 12220 14100 50000
11100 11210 11220 12100 12220 14100 50000
11100 11210 11220 11240 12100 12220 14100
11100 11210 12100 12220 14100
11100 11210 12100 12220 14100 50000
11100 11210 12100 12220 14100
11100 12100 12220 14100
11100 11210 12100 12220 14100
11100 11210 12100 12220 14200
11100 12100 12220
11100 11210 12100 12220
11100 12100 12220
11100 11210 12100 12220 12230
11100 12100 12220 14100
11100 11210 12100 12220 14100 50000
11100 12100 12220 14100
11100 12100 12220
11220 12100 12220 13400 14100 21000
11100 11210 12100 12220
11100 11210 12100 12220
11100 11210 12100 12220
11100 11210 12100 12220
11100 11210 12100 12220
11100 11210 12100 12220 14100 14200
11100 11210 11240 12100 12220 14100 14200
11100 11210 12100 12220 12230 14100 14200
11100 11210 11220 11240 12100 12220 14100
11100 11210 11220 11240 12100 12220
11100 11210 11220 11240 12100 12220
11100 12100 12220 14200
11100 11210 11220 11240 12100 12220
11100 11220 11240 12220
11100 11210 11220 11230 12220 13400 14100
11100 12100 12220
11100 11210 12100 12220 14100 50000
11100 11210 11240 12100 12220
11100 11240 12100 12220 13400 14100 14200 50000
11100 12100 12220 13400 21000 31000 50000
11100 11210 12100 12220 13400 21000 50000
11100 11210 12100 12220 13400
11100 11210 12100 12220 14100
11100 11210 11220 12220 14100
11100 11210 11220 12100 12220 13400 14100 14200
11100 11210 11230 12100 12220 13400 14100
11100 11210 11220 12100 12220 13400 14100
11100 11210 11220 12100 12220 13400 14100
11100 11210 11220 12100 12220 14100
11100 12100 12220 14100
12100 12220 21000
11100 11210 11230 12100 12220 14200 21000
11100 11210 11220 11230 12100 12220 14100 14200
11100 11210 11220 12100 12220 14100
11100 11210 12100 12220
11100 12100 12220 14100
11100 11210 12100 12220 13400 14100
11100 11210 12220 13400 14100
11100 11210 11220 11230 12100 12220 14100
11100 11210 12100 12220 12230 14100
11100 11210 12100 12220 12230 14100
11100 11210 11220 12220 14100 14200
11100 11210 12100 12220 12230 13400 14100
11100 11210 11220 11230 12100 12220 13400 14100 14200
11100 11210 12100 12220 12230 14100
11100 11210 12100 12220 12230 13400 14100
11100 11210 11220 11230 12100 12220 14100 14200
11100 11210 12100 12220 12230 13400 14100
11100 11210 12100 12220 12230 13400 14100
11100 11210 12220 12230 13400 14100
11100 11210 12100 12220 12230 13400 14100
11100 11210 12100 12220 12230 14100
11100 11210 11220 12100 12220 14100 14200
11100 11210 11220 12220 14100 14200
11100 11210 11220 12220 14100 14200
11100 11210 11220 12100 12220 14100
11100 11210 12100 12220 14100
11100 11210 12100 12220 14100
11100 11210 12100 12220 14100 21000
11100 11210 12220
11100 11210 12100 12220 14100 21000
11100 11210 12100 12220 12230 14100
11100 11210 12100 12220 12230 14100
11100 11210 12100 12220
11100 11210 12100 12220
11100 11210 12100 12220 14200
11100 11210 12100 12220 12230
11100 11210 12100 12220
11100 11210 12100 12220 12230
11100 11210 12100 12220 12230
11100 11210 12100 12220 12230 14100
11100 11210 11230 12100 12220 14200
11100 11210 12100 12220 12230
11100 11210 12100 12220 13400 14100
11100 11210 12220 12230 13400 14100
11100 11210 12100 12220 12230 14100
11100 11210 12220 12230
11100 11210 11220 12220 14100
11100 11210 12100 12220 14100 21000
11100 11210 12100 12220
11100 11210 12100 12220 13400 14100
11100 11210 12100 12220 14100
11100 11210 12100 12220 14100 14200
11100 11210 12220 14100
11100 11210 12100 12220 14100
11100 11210 12100 12220 13400 14100 14200
11100 11210 12100 12220 13400 14200 31000 50000
11100 11210 11220 12100 12220 14100
11100 11210 11220 12100 12220 13400 14200
11100 11210 11220 12100 12220 14200
11100 11210 11220 12100 12220 14200
11100 11210 11220 12100 12220 14100 14200
11100 11210 11220 12100 12220
11100 11210 11220 12100 12220 14100 14200
11100 11210 11220 12100 12220
11100 11210 11220 12100 12220 14100
11100 11210 11220 12100 12220 14100
11100 11210 12100 12220 14100
11100 11210 12100 12220 14100
11100 11210 12100 12220 14100
11100 11210 12100 12220 14100
11100 11210 12100 12220 14100
11100 11210 12100 12220 14100
11100 11210 12100 12220 13400 14100 14200
11100 11210 11230 11240 12100 12220 13400
11100 11220 11230 11240 12100 12220 13400 21000
11100 11210 11240 12100 12220 12230 13300 13400 14100 21000
11100 11210 12100 12220 14100 21000
11100 11220 12220 13400 14100
11100 11210 11220 12220
11100 11220 12220 14100 14200 21000
11100 11210 12220
11100 11210 12100 12220 14100 14200
11100 11210 12100 12220
11100 11210 11220 12100 12220 14100 21000
11100 11210 12100 12220
11100 11210 11220 12100 12220 14100 14200
11100 11210 11220 12220 13300 13400 14100
11210 12100 12220 13400 14200 21000
11100 11210 12100 12220 13400 14100 14200
11100 11210 11220 12100 12220 13300 13400 14100 14200
11100 11210 11220 12220 13400 14100
11100 11210 12100 12220 14100
11100 11210 11220 12100 12220
11100 11210 11220 12220 14100 14200
11100 11220 12220 14100 14200
11100 11210 12100 12220
11100 11210 12100 12220
11100 11210 11230 12100 12220 13400 14100
11100 11210 11220 12220 14100
11100 11210 11220 11230 12220 13400 14100
11100 11220 12220 14100 14200
11100 11210 12100 12220
11100 11210 11220 12220 13300 14100 14200 21000
11100 11210 11230 12100 12220 14100
11100 11210 12100 12220 13400 14100 14200
11100 11210 12100 12220
11100 11210 11220 12100 12220 13300 13400 14100
11100 11210 12100 12220 14100 14200
11100 11210 11220 12100 12220 13400 14100
11100 11220 12220 14100 14200 21000
11100 11210 11220 12220 13400 14100
11100 11210 12100 12220 13400 14100 21000
11100 11220 12220 14200
11100 11210 11220 12220 13300 13400 14100
11100 11210 11220 12100 12220 14100 14200
11100 11210 11220 12100 12220 13300 13400 14100 14200
11100 11210 12100 12220 14100 14200 21000
11100 11210 12100 12220 13300 13400 14100 14200 21000
11100 11210 12100 12220 14100
11100 11210 11230 12100 12220 14100
11100 11210 11230 12100 12220 14100
11100 11210 12100 12220
11100 11210 11230 12100 12220 14100
11100 11210 11220 12100 12220 14100
11100 11210 12100 12220 13400 14100 14200
11100 11210 11220 12220 13400 14100
11100 11210 12100 12220 13400 14100
11100 11210 11220 12100 12220 14100 14200
11100 11220 12220 13300 13400 14100
11100 11210 11220 12220 14100 14200
11100 11210 12100 12220
11100 11210 11220 12100 12220 14100 14200
11100 11210 11220 12100 12220
11100 12220 13300 14100 14200 21000
11100 11210 12100 12220
11100 11210 11220 12100 12220 13400
11240 12220 13400 14100 21000 23000
11240 12100 12220 13400 14100 21000 23000
11230 11240 12100 12220 13400 14100 21000 23000
11240 12100 12220 13400 14100
12100 12220 13400 21000
11100 11210 11230 11240 12220 13400 14100 14200 50000
12100 12220 13400 14200
12100 12210 12220 13400 21000
12100 12220 13400
11100 11220 11230 11240 12100 12220 13400 21000 50000
11100 11220 11230 11240 12100 12220 13400 21000
11100 11210 12100 12220 14100
11100 11210 12100 12220 13300 13400 14100 21000
11100 11210 11220 12100 12220 14100 21000
11100 11210 11230 12100 12220 12230 14100
11230 12100 12220 14200 21000
11240 21000 23000
11240 11300 21000
12100 12220 21000 23000
11240 12100 21000
11300 14100 21000 31000 50000
11240 11300 12100 21000
11240 11300 12220 21000 31000 50000
11300 21000 31000
11240 12100 21000 32000
11240 11300 12220 21000
11300 21000 23000 31000
11300 21000 23000 31000
11240 12230 13400 21000
11300 12220 14200 21000
11300 12100 12220 21000
11300 12100 12220 31000
11300 21000 50000
11300 21000 50000
11240 11300 21000
11240 11300 21000 50000
11240 11300 21000 23000
11240 11300 13100 21000 23000 31000
11240 13100 21000
11240 21000
11300 31000
11300 21000
11300 12100 12220 21000 50000
11240 11300 12100 12220 21000
11300 21000 31000
11300 12210 21000 32000
11300 12220 21000 31000
11300 12220 21000 23000
11300 12220 21000
11300 14100 21000
11300 21000
11230 11240 12100 12220 13300 14100 14200 21000 50000
11240 11300 21000 32000
12100 12210 21000
11240 11300 12220 21000 23000
11300 12100 21000
11240 11300 21000
11240 11300 12100 12220 21000 23000
11300 12100 21000
11300 12220 21000 23000
11300 21000
11300 12100 21000 23000
11240 11300 21000
11300 21000 50000
11300 12220 21000 50000
11240 11300 12100 12220 21000
11240 11300 12100 12210 12220 21000
11240 11300 12100 21000
11300 21000
11240 11300 21000 31000
11240 11300 12220 21000 31000
11300 21000 31000 32000
11300 21000 23000 31000
11300 21000
11300 21000
11300 12100 12220 21000 31000
11300 21000
11300 21000 31000
11300 21000
11300 21000
11300 21000
11300 21000
11300 21000 23000
11240 11300 12220 21000
11300 21000
11300 21000
11240 11300 21000 31000
11300 12100 21000
11240 12100 12220 21000
12100 21000
11240 12100 12220 21000 31000
11300 21000
11240 11300 12220 21000 23000
11100 11300 12220 21000
11300 12100 12220 21000
11300 12100 12220 21000
13100 21000
11300 21000
11300 21000
11300 21000
11300 12100 12220 21000 50000
11300 21000
11300 21000 50000
11300 12100 12220 21000 31000
11240 11300 12100 12220 21000
11240 11300 12100 12220 21000
11300 21000
11240 11300 12100 12220 21000
11300 21000
11240 12100 12220 21000
11240 11300 12220 21000
11240 12100 12220 21000
11300 12220 21000
11300 21000
11300 21000
12100 21000 50000
11240 12100 12220 21000
11240 11300 12220 21000
11300 21000
12100 12220 21000 32000 50000
11240 11300 12100 12220 21000 50000
11300 21000
11240 12220 21000
11300 12220 21000
11300 21000
11300 21000
11300 21000
11240 11300 12100 21000
11300 12220 21000 31000
11300 21000
11300 21000
11300 12100 21000
11300 12220 13400 21000
11240 12100 21000
11300 12220 21000
11240 12100 21000
11240 12100 12220 21000
11240 12100 12220 21000 32000 50000
11240 11300 21000
11210 11230 11240 12100 12220 21000
11240 11300 21000 23000
11300 12100 21000
11240 21000
11300 12210 21000
11240 11300 21000
11240 12100 21000
11240 12100 12230 21000
11230 11240 21000
11230 11240 12100 12220 21000
11210 11240 12100 12230 21000
11240 12100 21000
21000 23000 32000
21000 23000
21000 23000
11100 11210 11220 12100 12220 14100
21000 23000
21000 23000
21000 23000
11100 11210 11220 12100 12220 14100
11240 12100 21000 23000 31000 32000
21000 23000
21000 23000
21000 23000
21000 23000
21000 23000
21000 23000
11240 12100 21000 23000
21000 23000
11240 21000 23000 31000
11240 21000 23000
11100 11210 11220 12100 12220 14100
21000 23000
11240 12100 12220 21000 23000 50000
11240 21000 23000
11100 11210 11220 12100 12220 14100
11220 11230 11240 12100 12220 13400 14100 14200 21000 50000
21000 23000
21000 23000
21000 23000
11300 12220 21000 23000
21000 23000
21000 23000
21000 23000
21000 23000
11240 11300 12100 21000 23000
11100 11210 11220 12100 12220 14100
11240 11300 12100 21000 31000 32000
11300 12220 21000 31000
11300 12100 12220 31000
11300 12100 31000
11240 11300 21000 31000
21000 31000
11100 11210 11220 12100 12220 14100
21000 31000 32000
11100 11210 11220 12100 12220 14100
21000 23000 31000
11240 11300 21000 31000
11300 21000 23000 32000
31000 32000
31000 32000
11300 12220 21000 32000
11300 31000 32000
11240 11300 12100 12220 31000
11300 21000 31000
11240 12100 12220 13400 21000 23000
21000 32000
11300 21000 32000
11100 11220 11230 11240 12100 12220 13400 21000
11100 11210 11220 11230 11240 12100 12220 13400 14100 21000 23000
11100 11210 11220 11230 12100 12220 13400 14100 14200
11100 11220 11230 11240 12100 12220 13400 21000 32000
11100 11220 11230 11240 12100 12220 13400 21000 32000 50000
11100 11210 12100 12220 14100 50000
21000 23000 32000
11100 11210 11220 11230 12100 12220 13400 14100 14200
11100 11210 11220 11230 12100 12220 12230 14100
21000 31000 32000
21000 32000
11210 11230 12100 12220 12230 14100 14200
11240 11300 12100 12220 14100 21000 23000 31000 50000
11100 11210 11220 12100 12220 14100
11100 11210 11220 12100 12220 14100
11100 11210 11220 12100 12220 12230 14100
11100 11210 11220 12100 12220 12230 14100
11100 11210 11220 11230 12100 12220 21000 23000
11210 11220 11230 12100 12220 12230 13400 14100 14200
11100 11210 11230 11240 12100 12220 13300 13400 14100 21000
11100 11210 11230 11240 12100 12220 13300 13400 14100 21000
11210 11230 11240 12220 13400 14100 14200 21000
11100 11210 11220 11230 12100 12220 13400 14100 14200
11210 11220 11230 12100 12220 14100
11220 11230 11240 12100 12220 21000 23000 24000 50000
11220 11230 11240 12100 12220 13400 14100 21000 24000 50000
11230 11240 12100 12220 13400 14100 21000 24000 50000
11220 11230 11240 12100 12220 13400 21000 23000
11100 11220 11240 12100 12220 13400 14100 21000 50000
11210 11240 12100 12230 21000
11220 11240 12100 12220 21000
11220 11240 12100 12220 21000 23000
11220 11240 12100 12220 21000 23000
11220 11240 12100 12220 21000 23000
11240 12210 12230 21000 23000
11240 12100 21000 31000 50000
11240 12100 12220 21000
11240 12100 12220 21000
11240 12100 12230 13400 21000
11240 12100 12230 13400 21000
11240 12100 12210 21000
11240 12100 12210 12220 21000
11240 12100 12210 12220 21000 31000
11230 12100 12220 21000
11240 12100 12220 12230 21000
11220 11230 11240 11300 12100 12220 14100 21000 23000 31000 50000
11240 12100 12210 12220 12230 13400 21000 23000
11240 12100 12210 12220 12230 13400 21000 23000
11240 11300 12100 12220 21000
11240 11300 12100 12220 21000
11240 11300 12100 21000
11240 11300 12100 12220 21000
11240 11300 12100 12220 21000
11240 12100 21000 31000 50000
11240 12100 12220 12230 21000
11240 12100 12220 21000 23000
11240 12100 12210 12220 21000
11240 12100 12210 12220 21000 31000
11240 12100 12220 13400 21000 23000
11100 11210 11220 11230 11240 12100 12220 21000 23000
11100 11210 11220 11230 12100 12220 21000 23000
11100 11210 11220 12100 12220 13400 14100
11100 11210 11220 11240 12100 12220 12230 13400 14100 21000
11230 11240 12100 12210 12220 21000 31000
11230 11240 12100 12210 12220 21000
11100 11240 11300 12100 12210 12220 12230 21000 31000
11100 11230 11240 12100 12220 12230 13400 14200 21000
11100 11220 11230 11240 12100 12220 12230 13400 14200 21000
11100 11210 11220 12100 12220 13400 14200
11240 12100 12220 21000 23000
11240 12100 21000 23000 31000 32000
11100 11210 11220 12100 12220 14100
11100 11210 12100 12220 12230
11100 11210 11230 11240 12100 12220 12230 13400
11100 11210 12100 12220 14100 50000
11100 12100 12220
11100 11210 11220 11230 12100 12220 14100 21000
11100 11210 11220 11230 12100 12220 14100
11100 11210 11220 11230 12100 12220 14100
11100 11210 11220 11230 12100 12220 12230 14100 14200
11220 11230 11240 12100 12220 14100 21000 50000
11220 11230 11240 12100 12220 14100 21000 24000 50000
11220 11230 11240 12100 12220 21000 24000 50000
11100 12100 12220 13400 14200 21000
11100 12100 12220 13400 14200 21000
11100 11210 11220 12100 12220 14100
11100 11210 12100 12220 12230
11100 11210 12100 12220 12230 14100
11100 11210 12100 12220 12230 14100
11100 12100 12220
11100 12100 12220 13400 14100 14200 21000
11100 12100 12220 13400 14100 14200
11240 12100 21000
11100 11240 12100 12220 21000
11100 11210 12100 12220
11100 11210 12100 12220
11100 11210 11220 11230 12100 12220 12230 14100
11100 11210 12100 12220 12230 14100
11100 11210 12100 12220
11100 11210 12100 12220
11100 11210 12100 12220 14100 50000
11100 11210 12100 12220 14100 50000
11100 11210 12100 12220 14100 50000
11100 11210 12100 12220
11100 11210 11220 12100 12220 14200
11100 11210 11220 12100 12220 14100 14200
11100 11210 12100 12220 12230 14100
11230 11240 12100 12220 21000
11230 11240 12100 12220 21000
11100 11210 11230 11240 12100 12220 12230 13400
11100 11210 11220 12100 12220 13400 14100 14200
11100 11210 12100 12220
11210 11240 12100 12220 12230 13400 21000
11210 11230 11240 12100 12220 12230 13400 21000
11210 11230 11240 12100 12230 13400 21000
11240 11300 12100 12220 14100 21000 50000
11240 11300 12100 12220 21000 50000
11210 11220 12100 12220 13400 14100 14200 21000
11100 11210 11220 12100 12220 13400 14100 14200
11100 11210 12100 12220 13400 14100 21000 31000 50000
11100 11210 12100 12220 13400 14100 21000 31000 50000
11240 12100 12220 14100 21000 32000 50000
11240 11300 12100 12220 14100 21000 50000
11100 11220 11230 11240 12100 12220 13400 14100 21000 31000 50000
11100 11230 12100 12220 13400
11100 11210 11230 12100 12220 13400
11100 11210 11230 12100 12220 13400
11100 11210 11220 11230 12100 12220 14100 14200
11100 11210 11220 11230 12100 12220 13400 14100
11100 11210 12100 12220 14100 50000
11100 11210 12100 12220 14100
11100 11210 12100 12220 14100
11100 11210 12100 12220 14100
11100 11210 12100 12220 14100
11100 11210 12100 12220 14100
11100 11240 12100 12220 13400 14200 21000
11100 11240 12100 12220 13400 14200 21000
11240 12100 14200 21000
11240 12100 14200 21000
11100 11240 12100 12220 13400 14100 14200 21000 50000
11100 11240 11300 12100 12220 13400 14100 14200 21000 50000
11100 11220 12100 12220 13400 14100 14200
11100 11210 11220 12100 12220 13400 14100 14200 21000
11100 11210 11220 12100 12220 21000
11100 12100 12220 13400 14100 14200
11240 11300 12100 12220 21000
11240 11300 12100 12220 14200 21000
11100 12100 12220 13400 14200 21000
11100 12100 12220 13400 14200 21000
11100 11210 11230 12100 12220 12230 14100
11100 11210 11230 12100 12220 12230 14100
11100 11210 11230 12100 12220 14100
11100 12100 12220 21000
11100 11210 11230 12100 12220 14200
11100 11210 11220 11230 12100 12220 14100 14200
11100 11210 12100 12220 12230 14100
11100 11210 12100 12220 12230 14100
11100 11240 12100 12220 13400 14100 14200 50000
11100 11230 11240 12100 12220 13400 14100 14200 50000
11240 12100 12220 21000 50000
11100 11220 11230 11240 12100 12220 13400 14100 21000 24000 50000
11220 11230 11240 12100 21000
11240 12100 12220 21000
11100 11210 12100 12220 14100
11100 11210 12100 12220 14100
11100 11210 12100 12220 14100 50000
11240 12100 21000
11240 12100 21000 50000
11100 11210 12100 12220 12230 14100
11100 11210 12100 12220 14100
11100 11240 12100 12220 13400 21000
11100 11240 11300 12100 12220 13400 14200 21000
11100 11210 12100 12220 12230 14100
11100 11210 12100 12220 12230 14100
11100 12100 12220 14100
11230 11240 12100 12220 21000
11230 11240 12100 12220 14200 21000
11100 11210 12100 12220 14200
11100 11210 12100 12220 14200
11100 11210 11300 12100 12220 14100 14200 21000
11100 11210 12100 12220 14100 14200 21000
11100 11210 11220 12100 12220 14100
11100 11210 11220 12100 12220 14100
11240 12100 21000
11240 12100 21000
11230 11300 12100 12220 12230 21000
11230 11240 11300 12100 12220 12230 21000
11240 12100 12220 21000 32000 50000
11240 11300 12100 12210 12220 21000 32000 50000
11240 12100 12210 12220 21000 23000 31000 32000 50000
11240 11300 12100 12220 21000 32000 50000
11240 11300 12100 21000 50000
11240 11300 12100 21000
11240 12100 21000
11100 11210 11220 12100 12220 14100 21000
11100 11210 12100 12220 14100 14200 21000
11100 11210 11220 12100 12220 13400 14100 14200 21000
11100 11210 11220 12100 12220 13400 14100
11210 11240 12100 12230 13400 21000
11210 11240 12100 12220 12230 13400 21000
11240 12100 12220 12230 13400 21000
11100 11220 11230 11240 12100 12220 12230 13400 21000 32000
11100 11210 11230 11240 12100 12220 12230 13400 21000
11240 11300 12100 12220 12230 21000
11240 12100 21000
11100 11210 11220 12100 12220 14100 21000
11100 11210 11220 12100 12220 14100 21000
11100 11210 11220 12100 12220 14100 21000
11210 11220 11240 12100 12220 13400 14100 14200 21000
11240 12100 12220 21000 23000 50000
11220 11240 12100 12220 21000
11220 11230 11240 11300 12100 12220 13300 21000 23000
11220 11230 11240 12100 12220 13400 14100 14200 50000
11230 11240 12100 12220 13400 14100 14200 50000
11100 11210 11220 11230 11240 12100 12220 13400 14100 14200 50000
11100 11210 11220 11230 11240 12100 12220 13400 14100 14200 50000
11220 11230 11240 12100 12220 13400 14100 14200
11240 12100 12220 14200 21000
11240 12100 12220 13300 14200 21000
11240 12100 21000
11240 12100 12220 13300 14200 21000
11100 11210 11230 12100 12220 12230 13400 14100
11100 11210 11230 12100 12220 12230 13400 14100
11100 11210 11230 12100 12220 13400 14100 14200
11100 11210 12100 12220 14100 14200
11100 11210 12100 12220 12230 14100
11220 11230 11240 12100 12220 13400 14100 14200 21000 50000
11240 12100 12220 13400 14100 14200 21000 50000
11100 11210 11230 12100 12220 14100 50000
11100 11210 11230 12100 12220 14100 50000
11100 11210 11230 12100 12220 12230 14100
11100 11210 11230 12100 12220 12230 13400 14100
11100 11210 11230 12100 12220 12230 13400 14100
11240 12100 12220 21000 23000 50000
11220 11230 11240 11300 12100 12220 21000 23000 50000
11230 11240 12100 12220 14200 21000
11230 11240 12100 12220 14100 14200 21000 50000
11230 11240 12100 12220 14100 14200 21000 50000
11100 11210 11220 11230 11240 12100 12220 14100 14200 50000
11100 11210 11220 12100 12220 14100 50000
11100 11210 11220 12100 12220 14100 50000
11100 11210 11220 11240 12100 12220 14100
11100 11210 11240 12100 12220 14100
11100 11210 12100 12220 14100
11100 11210 12100 12220 14100
11210 11220 11230 12100 12220 12230 13400 14100 14200
11100 11210 11230 12100 12220 12230 14100 14200
11100 11210 11230 12100 12220 12230 14100 14200
11100 11210 12100 12220 12230 14100
11240 11300 12100 21000
11240 11300 12100 21000 31000
11300 12100 21000 23000
11300 12100 21000
11100 11210 11220 11230 11240 12100 12220 13400 14100 14200
11210 11230 11240 12100 12220 13400 14100 14200
11100 11210 11220 11230 12100 12220 13400 14100 14200
11100 11210 11220 12100 12220 14100
11100 11210 11220 12100 12220 12230 14100 14200
11100 11210 12100 12220 12230 13400 14100 14200
11210 11230 11240 12100 12220 13400 14100 14200
11230 11240 12100 12220 13400 14100 50000
11100 11210 11220 12100 12220 12230 13400 14100 14200
11100 11210 11220 12100 12220 12230 13400 14100 14200
11100 11210 11220 12100 12220 14100
11100 11210 11220 12100 12220
11210 11230 11240 12100 12220 13400 14100 14200 50000
11210 11230 11240 12100 12220 13400 14100 14200 50000
11100 11210 11220 11230 12100 12220 12230 13400 14100 14200
11100 11210 11230 12100 12220 14100 14200
11100 11210 11230 12100 12220 14100 14200
11240 11300 12100 12220 21000 31000
11240 11300 12100 12220 21000 31000
11100 11210 12100 12220 14100 14200
11100 11210 12100 12220 14100 14200
11100 11210 11230 12100 12220 14100
11100 11210 11230 12100 12220 14100
11100 11210 11220 11230 11240 12100 12220 13400 14100 50000
11100 11210 11230 12100 12220 12230 13400 14100 14200
11100 11210 12100 12220 12230 13400 14100 14200
11240 12100 21000
11240 11300 12100 12220 21000 23000 31000 50000
11240 12100 12210 12220 12230 21000 23000
11240 12100 21000 31000
11240 11300 12100 12210 12220 21000 23000 31000 32000
11240 12100 12210 12220 12230 14200 21000 23000 31000
11240 11300 12100 12210 12220 12230 21000 23000 31000 32000 50000
12100 12210 21000 32000
11240 12100 12210 21000
11230 11240 12100 12210 12220 21000 31000
11240 12100 12210 12220 21000
11220 11240 12100 12220 21000 23000
11240 12100 12220 21000
11240 12100 12220 21000
11240 12100 12220 21000
11240 12220 14200 31000
11240 11300 12100 12220 14200 21000 23000 31000 32000 50000
11300 12100 12220 31000
11240 11300 12220 21000 32000
11300 12100 12220 12230 21000 50000
11240 11300 12220 21000 31000 32000
11240 12220 21000 23000 32000
11240 11300 12220 21000 32000
11300 12220 21000 23000 50000
12100 12220 14200 21000
11300 12220 21000
11240 11300 12220 21000 31000
11300 12220 31000
11240 11300 12220 21000 31000
11240 11300 12100 12220 21000
11240 12100 12220 14200 21000 32000
11240 11300 12220 21000 31000 32000
11240 11300 12100 12220 12230 21000 50000
11230 11240 11300 12100 12210 12220 12230 21000 23000 31000 32000 50000
11230 11240 12220 12230 21000
11300 12220 12230 21000
11230 11240 12100 12220 12230 21000 50000
11220 11230 11240 12100 12220 21000 23000 50000
11100 11210 11220 11230 11240 11300 12100 12210 12220 12230 13100 13300 13400 14100 14200 21000 23000 24000 31000 32000 50000
11300 12220 21000
11220 11230 11240 12100 12220 21000 23000 50000
11240 11300 12100 12220 21000
11240 11300 12100 12220 21000
11300 12220 21000
11300 12220 21000
11240 11300 12220 21000 23000
11300 12220 21000 23000
11220 11230 11240 12100 12220 21000 50000
11220 11230 11240 12100 12220 21000 23000 24000 50000
11220 11230 11240 12220 21000 23000 50000
11220 11230 11240 11300 12220 21000 23000 50000
11240 11300 12220 21000
11300 12220 21000 32000
11300 12220 21000
11240 12220 21000
12100 12220 21000 31000 32000
11300 12220 21000 32000
11300 12220 21000 32000
11300 12100 12220 21000 50000
11240 11300 12220 21000 23000
11240 12100 12220 14200 21000
11100 11240 12100 12220 13400 14200 21000
11300 12220 21000
11300 12220 13400 21000
11300 12100 12220 13400 21000 23000
11300 12100 12220 21000
11240 11300 12100 12220 21000
11240 11300 12100 12220 21000 32000 50000
11240 11300 12220 21000 50000
11240 11300 12100 12220 21000 32000 50000
11240 11300 12220 21000 23000 32000
11240 11300 12100 12220 21000 23000
11300 12100 12220 21000 23000
11240 12100 12220 21000
11300 12100 12220 21000 23000
11300 12100 12220 21000 23000
11300 12220 21000
11300 12220 21000 31000
11300 12100 12220 14100 21000 31000 50000
11240 11300 12100 12220 21000 50000
11240 11300 12100 12220 21000 50000
11300 12100 12220 21000 50000
11300 12220 12230 21000 50000
11300 12220 21000 31000 50000
11240 11300 12220 21000 50000
11300 12220 21000 31000 50000
11300 12100 12220 14100 21000 31000 50000
11100 11220 11240 12100 12220 14100 21000 24000 50000
11100 11210 12100 12220 14100 14200 50000
11100 11210 11220 12100 12220 14100 14200 50000
11240 12100 12220 12230 13400 21000
11100 11210 12100 12220 12230 13400 14100
11100 11210 11220 12100 12220 12230 13400 14100
11100 11210 12100 12220 12230 13400 21000
11240 11300 12220 21000
11100 11210 11230 11240 12100 12220 12230 13300 13400 14100 21000
12100 12220 21000
12100 12220 21000 32000
11240 12220 21000 23000
11100 11300 12100 12220 21000
11100 11210 11220 11230 12100 12220 13400 14100 14200
12100 12220 13400 21000
11230 12100 12220 14200 21000
12100 12220 13400 14100 21000
12100 12210 12220 13400 21000
12100 12220 13400 21000
11100 11230 11240 11300 12100 12220 12230 21000
11100 11210 11220 11230 12100 12220 21000 23000
11100 11210 11220 11230 12100 12220 21000 23000
12100 12220 14100 21000 23000 31000
11100 11230 11240 12100 12220 13400 14100 21000 23000
11300 12220 21000
11240 11300 12220 21000 23000
11100 11220 11230 12100 12220 12230 13400 14100 14200
11100 11210 11220 11240 12100 12220 12230 13400 14100 14200 21000
11100 11210 12100 12220 12230 14100
11100 11210 12100 12220 12230 14100
11100 11220 11230 12100 12220 13400 14100 14200
11100 11210 12100 12220 12230 14100
12100 12220 13400 21000
12100 12220 13400
12100 12220 13400 14200
11100 11210 11220 11230 11240 12100 12220 13400 14100 14200 23000
11100 11210 11230 12100 12220 12230 13400 14200 21000
12100 12210 12220 13400 14100 21000
12100 12220 13400 21000
12100 12220 13400 21000
12100 12220 13400 21000
12100 12210 12220 13400 21000
12100 12210 12220 13400 21000
11220 12100 12220 13400 14200
11230 12100 12220 12230 13400 14200
11100 11220 12100 12220 13400 14100 14200
11100 12100 12220 13400 14100 14200
11240 12100 12220 14200 21000
11300 12220 14200 21000 50000
11300 12100 12220 14200 21000 50000
11300 12100 12220 13400 14100 14200 21000 50000
11100 11210 11230 12100 12220 13400 14100 14200
11100 11210 11230 12100 12220 12230 13400
11210 11230 11240 12100 12220 13400 14100
11100 11210 11230 11240 12100 12220 13400 14100 14200
11100 11210 11220 12100 12220 14100
11210 11240 12100 12220 13400 14100
11210 11240 12100 12220 13400 14100 14200 50000
11100 11210 11220 11240 12100 12220 14100
11100 11210 12100 12220 14100
11230 11240 12100 12220 13300 14200 21000
11100 11210 12100 12220 12230 13300 13400 14100
11100 11210 12100 12220 13400 14100 14200
11100 11210 11220 12100 12220 14100 14200 21000
11100 11210 11220 11230 12100 12220 13400 14100
11100 11210 11220 11230 12100 12220 14100 14200
11100 11210 12100 12220 13300 13400 14100 21000
11100 11210 11230 12100 12220 12230 14100 14200
11220 12100 12220 13400 21000
11100 11210 11220 12100 12220 13400 14100 21000
11100 11210 11220 11230 12100 12220 14100 14200
11100 11210 11220 11230 12100 12220 14100 14200
11100 11210 12100 12220 12230 13300 13400 14100
11100 11220 12220 14100 14200
11100 11210 12100 12220 14100 14200 21000
11100 11210 11220 12220 14100 14200
11100 11210 11220 12220 14100 14200
11100 11210 11220 12220 14100 14200
11100 11210 12100 12220 13400 14100 14200
11100 11210 11220 12100 12220 13400 14100 14200
11100 11230 11240 12100 12220 12230 13400 14200 21000
11100 11240 12100 12220 12230 13400 14200 21000
11100 11210 11220 11230 11240 12100 12220 12230 13400 14100 14200 21000
11240 12100 12230 21000
11100 11210 11230 11240 11300 12100 12210 12220 12230 13400 14100 21000 31000 32000 50000
11240 12100 12230 21000
12210 12230 21000 31000 32000
11230 11240 11300 12100 12220 12230 21000
11240 11300 12220 12230 21000
11230 11240 12220 12230 21000
11240 12100 12230 21000 32000
11300 12100 12230 21000 31000 32000
11300 12100 12230 21000 31000 32000
11100 11240 11300 12100 12210 12220 12230 13400 14200 21000 23000
11240 12100 12230 13400 21000
11240 12100 12210 12230 21000 23000
11240 12100 12230 13400 21000
11240 12210 12230 14200 21000 23000
11240 12100 12230 13400 21000
12220 13100 21000 32000
11240 12100 12220 13300 21000
11100 11220 12100 12220 13300 13400 14100
11100 11210 12100 12220 13300 13400 14100 21000
11100 11220 12100 12220 13400 14100 14200
12100 12220 13400 14100
11240 12100 12230 13400 21000
11100 11220 11230 11240 12100 12220 12230 13400 14200 21000
11240 12100 12230 13400 21000
11240 12100 12230 13400 21000
11240 11300 12100 12230 13400 21000
12100 12220 13400 21000
11210 11240 12100 12220 13400 14100
11210 11230 11240 12100 12220 13400 14100
12100 12210 12220 13400 21000
11220 11230 11240 12100 12220 13400 14100 14200
12100 12220 13400 14100 14200
12100 12220 13400 14100 14200 21000
12100 12220 13400 21000
11100 11210 12100 12220 12230 13400 14100
12100 12220 13400
11100 11210 11230 12100 12220 13400 14100 14200
12100 12220 13400 21000
11220 11240 12100 12220 13400 14100 14200 50000
11230 11240 12100 12220 13400 14100 14200
11100 11210 11220 11230 12100 12220 12230 13400 14100 14200
11210 11230 11240 12100 12220 13400 14100 14200
12100 12220 13400
12100 12220 13400 21000
11230 11240 12100 12220 13400 14100 14200
11210 11230 11240 12100 12220 13400 14100
11210 11230 11240 12100 12220 13400 14100 14200
11210 11230 11240 12100 12220 13400 14200
12100 12220 13400
12100 12220 13400
12100 12210 12220 13400 21000
12100 12220 13400
11230 11240 12100 12220 13400 14100 14200 50000
11210 11230 11240 12100 12220 13400 14100 14200 50000
11220 11240 12220 13400 14100 14200 21000 50000
11100 12100 12220 13400 14100 14200
11100 12100 12220 13400 14100 14200
11100 11240 12100 12220 13400 14200 21000
11100 11230 11240 12100 12220 13400 14100 14200 21000 24000 50000
11100 11210 12100 12220 13400 14200 31000 50000
11220 12100 12220 13400 14100 21000
12100 12220 13400 21000
11100 12100 12220 12230 13300 13400 14100
11100 11210 11220 12100 12220 13300 13400 14100 21000
11100 11210 11220 12100 12220 13300 13400 14100 21000
11100 11210 12100 12220 13300 13400 14100
11100 12100 12220 13300 13400 14100
11240 12100 12220 13400 21000
11100 11210 11220 12100 12220 13400 14100 14200
11300 12100 12220 13400 21000
11100 11220 12100 12220 13300 13400 14100
11100 11210 11220 11240 12220 13300 13400 14100
11100 11210 11220 11240 12100 12220 13300 13400 14100 14200
11100 11210 12100 12220 12230 13300 13400 14100
11100 11210 11230 11240 12100 12220 12230 13400 14100 21000
11100 11210 11240 12100 12220 12230 13400 14100 21000
11100 11210 11230 11240 12220 13300 13400 14100 21000
11100 11210 11240 12220 13300 13400 14100 21000
11100 11210 11220 11230 11240 12100 12220 13400 14100 14200 21000
11210 11230 11240 12100 12220 13400 14100 14200 21000
12100 12220 13400 14100 14200 21000
11220 11230 12100 12220 13400 14200
11100 12100 12220 13400 14100 14200
11210 11220 12100 12220 14100
11100 11210 11230 12100 12220 14100
11100 11210 11220 12100 12220 12230 13400 14100 14200
11230 11240 11300 12100 12220 13400 14100 14200 21000 23000 31000 50000
11230 11300 12100 12220 13400 14100 14200 21000 50000
11100 11210 11220 12100 12220 14100
11100 11210 11220 12100 12220 14100
11100 11210 11220 12100 12220 14100
11210 11230 11240 12100 12220 13400 14100 14200 23000
11210 11230 11240 12100 12220 13400 14100 21000 23000
11100 11210 11220 12100 12220 14100
11100 11210 11220 11230 12100 12220 14100 14200
11100 11210 11220 11230 12100 12220 14100
11100 11210 11220 11230 12100 12220 14100 14200
11210 11230 11240 12100 12220 13400 14100
11210 11230 11240 12100 12220 13400 14100 14200
11100 11210 11220 12100 12220 14100
11300 12100 12220 13400 14100 14200 21000
11100 11210 11220 11240 12100 12220 14100
11100 11210 11230 12100 12220 12230 14100 14200
11210 11220 11230 12100 12220 12230 14100 14200
11100 11210 12100 12220 12230 14100
11100 11210 11220 11230 12220 13400 14100
11100 11210 11220 12100 12220 13400 14100 14200 21000
11100 11210 11220 12100 12220 12230 14100
11100 11210 11220 12100 12220 14100 14200
11100 11210 12100 12220 12230 13400 14100
11100 11210 11220 12220 13400 14100 14200
11100 11210 11220 12100 12220 14100 14200 21000
11100 11210 11220 12100 12220 14100 14200 21000
11100 11220 12220 13300 13400 14100
11100 11210 11220 11230 11240 12100 12220 13300 13400 14100 14200 21000
11100 11210 11220 11230 12100 12220 14100 14200
11100 11210 11220 11230 12100 12220 13400 14100
11100 11210 12100 12220 12230 13300 13400 14100
11100 11210 12100 12220 13300 13400 14100 21000
11100 11210 11220 12100 12220 13300 13400 14100 14200
11100 11210 11220 12100 12220 14100 21000
11100 11210 11220 12100 12220 14100 14200
11100 11240 12100 12220 14100 24000 50000
11220 11230 11240 12100 12220 13400 14100 24000 50000
11100 11210 11230 12100 12220 12230 14100
11100 11210 12100 12220 14100 24000 50000
11100 11210 11220 12100 12220 12230 14100
11100 11210 11220 11230 11240 11300 12100 12220 13400 14100 14200 21000 24000 31000 50000
11100 11210 11220 11230 11240 12100 12220 13400 14100 14200 50000
11100 11210 11220 12100 12220 14100
11100 11210 11230 12100 12220 13400 14100 14200
11100 11210 11220 11230 11240 12100 12220 14100
11100 11210 11220 11230 12100 12220 12230 13400 14100 14200
11100 11210 11230 12100 12220 13400 14100 14200
11100 11210 11220 11230 11240 12100 12220 13400 14100 14200 50000
11100 11210 11230 12100 12220 12230 14100
11100 11210 11220 11230 11240 12100 12220 13400 14100 14200 21000 50000
11240 12220 14200 31000
11220 11240 11300 12100 12220 21000 23000
11100 11210 11230 12100 12220 13400 14100 14200
11240 12100 12210 12230 14200 21000 31000
12100 14200 21000 31000 32000
11240 12100 12220 14200 21000 32000
11240 12100 12220 14200 21000 32000
11100 11230 11240 12100 12220 12230 13400 14200 21000
11100 11210 11220 11230 12100 12220 12230 13400 14100 14200
11230 11240 11300 12100 12220 13400 14100 14200 21000 50000
11240 12100 12220 14200 21000
11240 12100 12220 13400 14200 21000
11100 11240 12100 12220 13400 14100 14200 21000 50000
11100 12100 12220 13400 14100 14200 21000
11230 11240 12100 12220 13400 14100 14200 21000 50000
11100 11210 11230 12100 12220 12230 14100 14200
11100 11220 11230 12100 12220 13400 14100 14200
11210 11230 12100 12220 12230 14100 14200
11100 11210 11230 12100 12220 13400 14100 14200
11100 11240 11300 12100 12220 13400 14100 14200 21000 50000
11240 12100 12220 14100 14200 21000 50000
11220 11230 11240 12100 12220 13400 14100 14200 50000
11100 11210 11230 12100 12220 13400 14100 14200
11100 11210 11220 12100 12220 13400 14100 14200 21000 31000 50000
11100 11210 11220 11230 12220 14100 14200
11210 11220 11230 12100 12220 13400 14100 14200 21000
11100 11210 11220 12100 12220 13400 14100 14200
11100 11220 12100 12220 14100 14200 21000
11300 21000 23000
11300 21000 23000
11300 21000 50000
11240 11300 12100 12210 12230 13400 14200 21000 23000
11240 12100 12230 21000 23000
11100 11210 11220 11230 12100 12220 21000 23000
11300 12100 21000 23000 31000
11240 11300 12100 12220 21000 32000 50000
11240 11300 12100 12220 13100 21000 23000 31000 32000 50000
12100 21000 31000
11240 12100 12210 12230 14200 21000 23000 31000 32000
11240 12100 12210 12220 21000 23000 31000
11240 11300 12220 21000 23000 31000 32000
11240 11300 12220 21000 31000
11240 12100 12210 12220 12230 13400 14200 21000 23000
11240 11300 12100 12220 13400 14100 21000 23000 31000 50000
11300 14100 21000 23000 31000 50000
11240 11300 12100 14200 21000 23000 31000 32000
11240 12100 21000 31000
12100 21000 32000
11300 12220 21000 23000
12100 12220 14100 21000 31000 50000
11220 11230 12100 12220 14100 21000
11230 11240 11300 12100 12210 12220 12230 13400 21000 23000 31000
11240 11300 12100 12230 21000 31000
11240 11300 21000 31000
11240 11300 12100 12220 12230 13400 21000 23000
11240 12100 12220 21000 23000
11240 11300 12100 12220 14200 21000 23000 31000 32000
11240 11300 12100 12220 21000 31000 32000
11100 11220 11230 11300 12100 12220 14100 21000 23000 31000 50000
12220 21000 23000 31000 32000
11100 11230 11240 12100 12210 12220 12230 13400 21000
11230 11240 12100 12210 12220 21000 31000
11100 11230 11240 12100 12220 12230 13400 14200 21000
11100 11230 11240 12100 12210 12220 12230 13400 14200 21000
11300 21000 23000 31000 32000
11300 21000 23000 31000 32000
11240 11300 12100 12220 21000 23000 31000 32000
11300 21000 23000 31000 32000
11240 11300 12100 12220 13100 14200 21000 23000 31000 50000
11300 21000 50000
11300 12100 12220 14200 21000 23000
11300 12220 14200 21000 23000
11230 11240 11300 12100 12210 12220 12230 13400 14100 14200 21000 23000 31000 32000 50000
11220 11230 11240 12100 12220 13400 21000 23000 24000
11300 12100 12220 21000 50000
11300 21000 31000
11230 11240 12100 12220 14200 21000
11220 11230 11240 12100 12220 13400 14200 21000
12100 12210 12230 21000 23000 31000 32000 50000
11240 11300 12100 12220 21000 31000 50000
11300 12220 12230 21000 31000 50000
11230 11240 11300 12100 12220 12230 21000 50000
11300 12230 21000 31000 32000
11230 11240 11300 12100 12220 12230 21000 32000 50000
11300 12100 12230 21000 31000 32000
11240 11300 12100 12220 21000 32000 50000
11300 21000 50000
11240 11300 12100 12220 12230 21000 32000 50000
11240 11300 12100 12210 12220 21000 23000 50000
12210 21000
11220 11230 11240 12100 12220 21000 23000 50000
11220 11240 12100 12220 21000 50000
11300 21000 31000
11300 21000 23000
11300 12210 12230 21000 31000 32000
11220 11230 11240 11300 12100 12220 21000 23000 50000
11300 12100 12220 21000 23000 50000
11240 11300 12220 21000 23000
11220 11230 11240 11300 12100 12220 21000 23000 50000
11100 11230 11300 12100 12210 12220 13400 14100 14200 21000
12100 12220 21000 23000 50000
11240 11300 12100 12220 14100 14200 21000 50000
12100 21000 32000
12100 12210 21000 23000 31000 32000
11300 21000 23000 50000
11230 11240 11300 12100 12220 13300 14200 21000 23000 50000
11300 12100 21000 23000
11240 11300 14200 21000 32000
11240 12220 21000 23000 32000
11240 11300 12100 12220 14100 14200 21000 31000 50000
12210 12220 21000
12100 12220 21000 32000
11100 11240 11300 12100 12220 14100 21000 31000 32000 50000
12100 12210 12220 13400 21000 23000
11300 21000 31000
11300 21000 32000
11300 12100 21000 31000
11300 21000 31000
12210 21000
11240 11300 12100 12220 14100 21000 32000 50000
11100 11210 11220 11240 11300 12100 12210 12220 13300 13400 14100 14200 21000
11100 11210 11220 11300 12100 12220 21000
11210 12100 12220 13300 13400 21000
11100 11220 11230 11240 11300 12100 12220 12230 13400 14100 21000 31000 32000 50000
11100 11210 11220 11230 11240 11300 12100 12210 12220 12230 13300 13400 14100 14200 21000 23000 31000 32000
11300 12100 12230 21000
12100 21000 32000
12100 21000 32000
11300 12210 21000 23000
21000 23000
21000 23000 32000
11300 21000 23000 32000
11300 21000 23000 31000 32000
21000 23000 32000
11300 21000 23000 31000 32000
21000 23000
21000 23000 31000
21000 23000
21000 23000 32000
12220 21000 23000
11240 11300 12100 12220 21000 23000
11240 11300 12100 12210 12220 21000 23000 31000 32000
12220 21000 23000 31000 32000
12220 21000 23000 31000
21000 23000 31000 32000
11300 21000 23000 31000
11300 21000 23000 31000
11240 12220 21000 32000
11240 11300 21000 23000 32000
11240 11300 12100 12210 12230 21000 23000
11100 11210 11220 11230 11240 12100 12220 13400 14100 14200 21000 50000
11300 21000 23000 31000 32000
11300 12100 12220 21000 23000
21000 23000 31000 32000
21000 23000 31000 32000
11220 11230 11240 12220 21000 23000
21000 23000 31000 32000
21000 23000 31000 32000
12100 12220 21000 50000
12220 21000 23000 32000
11300 21000 23000 31000 32000
11240 11300 12220 21000 23000 50000
12220 21000 23000 31000 32000
12220 21000 23000 32000
12220 21000 23000 32000
11300 21000 23000
11220 11230 11240 11300 12100 12220 21000 23000
21000 23000
11230 11240 11300 12100 12220 21000 23000 50000
11300 12100 12220 21000 23000 50000
11300 21000 23000
12100 12210 12220 21000 23000 31000 32000 50000
11100 11210 12100 12220 14100 50000
11100 11210 12100 12220 14100 50000
11100 11210 11220 11230 12100 12220
11240 12100 12210 12220 21000 23000
11220 11230 11240 12100 12220 13400 14100 21000 24000 50000
12220 21000 23000 31000
11300 12220 21000 23000
11300 12100 12210 12230 21000 31000 32000 50000
11100 11220 11230 11240 11300 12100 12220 13400 14100 21000 23000 31000 50000
11240 11300 12220 14200 21000 23000
11300 12220 21000 31000 50000
21000 31000 32000
11300 21000 31000 32000
12230 21000 31000 32000
11100 11210 11230 12100 12220 14100 14200
11240 12220 21000 32000 50000
12100 21000 23000 31000 32000
12220 21000 23000 31000 32000
11240 11300 12100 12220 21000 31000 32000
11240 11300 12100 12220 14100 21000 23000 31000 32000 50000
11240 11300 12100 12220 14200 21000 23000 31000 32000
12100 12210 14200 21000 31000 32000
12220 21000 23000 31000
11100 11210 11220 11230 12100 12220 14100
21000 31000 32000
11230 11240 11300 12210 12220 21000 31000
11100 11210 11220 11230 12100 12220 14100 14200
11100 11210 11220 12100 12220
11300 12220 21000 23000 31000 32000
11300 12220 21000 23000 31000 32000
11100 11300 12100 12220 13400 14100 14200 21000 31000 50000
21000 31000 32000
21000 31000 32000
21000 23000 31000 32000
11240 12100 12220 21000 31000
11300 12100 21000 31000
11100 11210 12100 12220 14100 50000
21000 23000 31000 32000
21000 31000 32000
11300 21000 23000 31000 32000
21000 31000
12230 21000 31000 32000
21000 31000 32000
12210 12230 21000 31000 32000
21000 23000 31000 32000
21000 31000 32000
11300 12100 12210 12220 12230 21000 23000 31000 32000 50000
11100 11210 11230 12100 12220 14100 14200
11300 21000 31000
11240 11300 12100 12220 21000 31000
11240 11300 12100 12220 21000 23000 31000
11100 11210 12100 12220
21000 23000 32000
11300 12220 21000 23000 31000 32000
11210 11220 12100 12220 14100
21000 23000 32000
12220 21000 23000 32000
11300 12220 13100 21000 23000 31000 32000
21000 23000 31000 32000
12220 21000 23000 31000 32000
21000 31000 32000
11100 12100 12220
31000 32000
21000 32000
31000 32000
11240 12100 21000 23000 31000 32000
11240 12100 21000 31000 32000
12220 21000 23000 32000
11300 12220 21000 31000 32000
11300 12100 12220 13100 21000 32000
11300 12220 21000 32000
21000 31000 32000
11240 12220 21000 31000 32000
11240 11300 12100 12220 14200 21000 23000 31000 32000
11220 11240 11300 12100 12220 14100 21000 32000 50000
12210 21000 32000
11300 12100 12210 12220 21000 32000
11240 11300 12100 12210 12220 12230 21000 23000 31000 32000 50000
11100 11230 12100 12220 13400 14100 14200 21000
12210 21000 31000 32000
21000 31000 32000
12230 21000 31000 32000
12100 12220 13400
12100 21000 31000 32000
12100 21000 31000 32000
21000 23000 31000 32000
21000 31000 32000
11100 11300 12100 12220 14200 21000
12100 12220 13400 14200
11100 11220 11240 11300 12100 12220 13400 14100 14200 21000 31000 32000 50000
11100 11210 11220 11230 11240 12100 12220 13400 14100 14200 21000 24000 50000
11100 11210 11230 12100 12220 13400 14100 14200
11240 11300 12100 12220 21000 32000 50000
11100 11210 12100 12220 14100 14200 50000
11240 11300 12100 12220 21000 31000 50000
11300 12220 12230 21000 31000 50000
11300 21000 23000
11240 12100 12220 21000 32000 50000
11240 11300 12100 12210 12220 21000 23000 31000 32000 50000
11100 11210 11220 11230 11240 11300 12100 12220 13400 14100 14200 21000 50000
11100 11210 11220 11230 11240 12100 12220 13400 14100 50000
12100 12220 13400 21000
11300 12100 12220 14100 14200 21000 31000 50000
11240 11300 12100 12220 12230 21000 50000
11100 11210 11220 11230 12100 12220 14200 21000
11100 11210 11230 12100 12220 14200 21000
12100 12220 13400 14100 14200 21000
