11210 11220 12100 12220 14200 32000
11210 11220 11230 12100 12220 14200
11210 11220 11300 12220 33000
11210 11220 11230 12100 12220 14200 33000
11210 11220 12100 12220 13400 32000
11210 11220 11230 12100 12220 31000 32000
11210 11220 12100 12220 13400 14100
11210 11220 12100 12220 23000 32000
11220 11240 12100 12220 13300 23000 32000
11220 11230 12100 12220 13400 14100 14200 23000
11220 11230 11240 12100 12220 33000
11210 11220 11230 12100 12220 14200 33000
11210 11220 11230 11300 12100 12220 13400 14200 23000 32000 50000
11210 11220 11230 12100 12220 13400 32000
11210 11220 11230 12100 12220 13400 14100 14200 32000
11210 11220 12100 12220 32000
11210 11220 12100 12220 32000
11220 11230 12100 12220 14100 14200 32000
11100 11210 11220 11230 11240 11300 12100 12220 12300 12400 13100 13300 13400 14100 14200 23000 31000 32000 33000 40000 50000
11220 11230 12220 13400 32000
11210 11220 12100 12220 13400 32000 50000
11240 12220 32000
11210 11220 12220 13400 32000 33000
11210 11220 11230 12100 12220 14100 32000 50000
11210 11220 12100 12220 13400 23000 32000
11220 12100 12220 13400 14200
11210 11220 12100 12220 14100 32000
11210 11220 11230 12220 13400 14100 14200 32000 33000
11210 11220 11230 12100 12220 13400 32000 33000
11220 12100 12220 14200 32000
11100 11210 12100 12220 12300 33000 50000
11220 12100 12220 14200 23000 32000
11210 11220 11230 12100 12220 14200 23000
11210 11220 11230 12100 12220 23000
11100 11210 11220 11230 11300 12100 12220 13300 13400 14200 23000 32000 50000
11240 11300 12100 12220 23000 32000 33000 50000
11210 11220 11230 12220 13400 32000
11300 23000
11100 11210 11220 11240 12100 12220 13100 13400 14200 32000 33000 50000
11210 12220 32000
11210 12220 32000
11210 11220 11230 12100 12220
11210 11220 11230 11240 12100 12220 13400 14200 32000 33000 50000
11210 11220 12100 12220
11240 11300 12100 12220 23000 32000 33000 50000
11210 11220 11230 12100 12220 14200 23000
11100 11210 11220 11230 12100 12220
11300 12100 12220 13100 14200 32000 33000 50000
11210 11220 11300 12100 12220 13400 14100 14200 32000 50000
11210 11220 11230 12100 12220
11220 12100 12220 14100 14200
11100 11210 11220 12100 12220
12220 33000
11100 11210 11220 12100 12220
12100 12220 13400
11100 11210 11220 12100 12220 14100
11210 11220 11230 12100 12220
11210 11220 12100 12220
11100 11210 11220 12100 12220
11100 11210 11220 12100 12220
11100 11210 11220 12100 12220 12300
11210 11220 12100 12220 14100
11100 11210 11220 12100 12220
11220 11240 11300 12100 12220 13100 14200 23000 32000 33000 50000
11100 11210 11220 12100 12220
11220 12100 12220 13400
11100 11210 11220 12100 12220
11100 11210 11220 12100 12220 14100
11210 11220 12100 12220 14100
11220 12100 12220 14100
11100 11210 11220 12100 12220 14100 50000
11100 11210 12100 12220
11100 11210 11230 12100 12220
11100 11210 11220 12100 12220 14100
11220 12100 12220 14100
11100 11210 11220 11230 12100 12220 14100
11300 12100 12220 14100
11100 11210 11220 11230 11240 11300 12100 12220 12300 13300 13400 14100 14200 23000 32000 33000 50000
11100 11210 12100 12220
11100 11210 12100 12220
11210 11220 12100 12220 14100
12220 32000 33000
11210 11220 11230 12100 12220 14100
11210 11220 12100 12220 23000 32000
11210 11220 12100 12220 13400
11210 12100 12220
11210 11220 12100 12220 14100 14200
11210 11220 11230 12100 12220
12100 12220
11210 11220 12100 12220 14100
12100 12220
11210 11230 12220 23000 32000
11100 11210 11240 11300 12100 12220 13300 32000 33000 50000
11100 11210 12100 12220 14100
11210 11220 11230 12100 12220 32000
11240 11300 12100 12220 32000 33000
11220 11230 12220 13400 14200 32000
11210 11220 12100 12220 13100 32000
11210 11220 12100 12220
11100 11210 11220 12100 12220
11210 11220 12100 12220 13400 14100 14200
11100 11210 12220
11220 12220 32000
11210 11220 12220 32000
11210 11220 12220 32000 33000
11210 12100 12220 13400 33000
11210 11220 12100 12220 14200
11210 11220 12100 12220
11210 11220 12100 12220 13400 33000
12100 12220 13400 14200 32000 33000
11210 12100 12220 33000
11210 12100 12220 12300 33000
12100 12220 33000
11210 11220 11230 11240 11300 12100 12220 23000 32000 50000
11210 11220 11230 12100 12220
11210 11220 12100 12220
11210 11220 12220 14100
11210 11220 12100 12220 13400
12100 12220 13400 33000
11220 12220 32000 33000
11100 11210 12100 12220
11210 12100 12220 33000
11210 12100 12220 33000
11210 12100 12220 33000
11210 11220 12100 12220
11210 11220 12100 12220
11210 11220 12220 14100
11210 11220 12100 12220 14100
11100 11210 11220 12100 12220 14200
11210 11220 11230 12100 12220 13400 14200
11210 12100 12220 12300
11210 12100 12220 12300 14200
11210 11220 12100 12220 14200
11210 11220 12100 12220 14200 33000
11210 11220 12100 12220
11210 11220 12220
11210 11220 12100 12220 14100 50000
11210 11220 12100 12220 14100
11210 11220 12100 12220 14100
11210 11220 11230 12100 12220 13400
11210 11220 11300 12220 23000 32000
11210 11220 12100 12220 32000
11210 11220 12100 12220
11230 12100 12220 32000
11220 11230 12100 12220 13400 32000
11220 11230 12220 13400 32000
11220 11230 12220 13400 32000
11210 11220 12100 12220 33000
11210 11220 12100 12220 13400
11100 11210 11220 12220 13300 32000
11100 11210 11220 12220 13300
11100 11210 11220 12220 13300
11100 11210 11220 12220 13300 32000
11210 12220 32000
11210 11220 12100 12220 23000
12100 12220
11220 11230 12100 12220 13400 14100 50000
11220 12220 13300 14200 32000
11210 12220 32000
11210 12220 32000
11220 12100 12220 32000 33000
11210 11220 11230 12100 12220 14100 14200 32000
11210 12100 12220 32000
11210 11220 12100 12220 32000
11210 11220 11230 12100 12220
11210 11220 12220 33000
11220 12100 12220 13400
11220 12100 12220 14100 33000
11220 12100 12220 13400 14100
11220 12100 12220
11220 12100 12220 13400 14100 32000
11210 11220 12100 12220
11100 11210 11220 12220 13300 13400 14200 32000 33000
12100 12220
11100 11210 11220 12100 12220 14100
11210 11220 12100 12220
12100 12220
12100 12220 14100
11220 12220 33000
11210 11220 12100 12220
11220 11230 12100 12220 13400 50000
11220 11230 12220 13400
11210 11220 12100 12220 14100 33000
11210 11220 12220
11210 11220 12220
11210 11220 12220
11210 11220 12220
11220 11230 12100 12220 32000
11210 11220 12100 12220 33000
11210 11220 12100 12220 14100 33000
11220 12100 12220 14100 14200
11210 11220 12100 12220 13400
12100 12220
11210 11220 12100 12220 33000
11210 11220 12100 12220 33000
11210 11220 12220
11210 11220 12220 14100
11220 11230 12100 12220 13400 50000
11220 12220 13400
12100 12220 13100 32000 33000
11210 11220 12100 12220 14100 14200
12100 12220 14200
11210 11220 12100 12220
12100 12220
11220 12100 12220 33000
11220 12220 14100
11210 11220 12100 12220 13400
11220 12100 12220 13400 14200 32000
11220 12220
11210 11220 12100 12220 13400 14100
11210 11220 12100 12220 13400 32000
11210 11220 12100 12220 13400 14100 32000
11210 11220 11230 12100 12220 14100 32000
11220 11230 12220 14200
11100 11210 11220 12100 12220 14100
11220 12100 12220
11300 23000
11220 12100 12220 14100 33000
11220 12100 12220
11210 11220 12220 13400 33000
11220 12100 12220 13400
11210 11220 12100 12220
11210 11220 11230 12220 13400 14200
11220 12100 12220 13400
11220 12220 13400
11220 12100 12220
12100 12220 13400
11210 11220 11230 12220
11220 12100 12220
11220 12100 12220
11100 11210 11220 12100 12220 13400
11100 11210 12100 12220 13400
11210 11220 12220
11100 11220 12100 12220 13400
11210 11220 12100 12220 14100
11100 11210 11220 12100 12220 13300 13400 33000
11210 11220 12100 12220 13400
11100 11210 11220 12100 12220
11210 11220 12100 12220 13400 32000
11220 12100 12220 32000
11100 11210 11220 12100 12220
11220 11230 12100 12220 13300 14100 32000
11220 12100 12220 33000
11220 12100 12220 33000
11220 12100 12220 14100
11210 11220 12100 12220 13400 14100
11210 11220 12220 13400
11100 11210 11220 12100 12220 13300
11210 11220 12100 12220
11220 11230 12100 12220 14200
11210 11220 11230 12220 14100 14200 23000
11220 11230 12100 12220 14200 33000
11220 12100 12220 13400 32000
11230 12100 12220 14100 32000
12100 12220
12100 12220
11220 11230 12100 12220 14100
11210 11220 11230 12220 14100 23000
11210 11220 11230 12100 12220 14100
11210 11220 12100 12220 14100
11210 11220 11230 12100 12220
11210 11220 11230 12100 12220
11210 11220 11230 12220
11210 11220 12220
11210 11220 12220 14200
11210 11220 12100 12220
11210 11220 12100 12220
11210 11220 12220
11210 11220 12220 14100 14200
11100 11210 12220 33000
11100 11210 11220 12220
11100 11210 11220 12220
12100 12220 13400
11220 11230 12100 12220 14100
12100 12220 23000
12100 12220
11210 11220 12100 12220 12300
11210 11220 12100 12220 14200
11210 11220 12220 14100 14200
11210 11220 12220 14200
11220 12100 12220
11210 12100 12220 23000
12100 12220 23000
11210 11230 12220 23000
11230 12220
11230 12220 23000
11230 11240 12100 12220 23000
12100 12220 32000
11210 11220 12100 12220 14100 32000 33000
11220 12100 12220 14100
11100 11210 12100 12220 12300
11220 11230 12100 12220 12300 14100
11210 11220 12100 12220 14100 14200
11100 11210 11220 12100 12220 32000
11210 11220 12100 12220
11100 11210 11220 12100 12220 13400 14200
11210 11220 12220
11210 11220 12100 12220 14100
11210 11220 12100 12220 14100
11210 11220 12100 12220 14100
11100 11210 11220 12100 12220 14100
11100 11210 11220 12100 12220
11210 11220 11230 12100 12220 14100
11100 11210 12100 12220 12300 14100
11100 11210 12220 32000
11220 12100 12220
11300 12100 12220 13400 14100
11210 11220 11230 12100 12220 14100
11210 11220 11230 12100 12220 14100 32000
11210 11220 11230 12220 14100 32000
11210 11220 11230 12220 14100 32000
11210 11220 11230 12220 32000
11210 11220 11230 12220
11210 11220 11230 12220 32000
11210 11220 11230 12100 12220
11100 11210 12100 12220
11210 11220 11230 12100 12220 14100
11100 11210 11220 11230 12100 12220 14100
11220 11230 12220 14100
11100 11210 11220 12100 12220 14100 23000
11100 11210 11220 12100 12220
11210 11220 11230 12100 12220 23000
11100 11210 11220 12100 12220
11210 11220 12100 12220 14100
11210 11220 12100 12220 14200 32000
12100 12220 14100 23000 32000
11210 11220 12220 13400 32000 50000
11210 11220 11230 12220 14100
12100 12220
11210 11220 11230 12220 13400 32000
11210 11220 12100 12220 14100
11220 12100 12220 32000
11220 11230 12100 12220 13400
11210 11220 11230 12220 14100 23000
11210 11220 11230 12220 13400
11210 11220 11230 12100 12220 14100
12100 12220
11220 11230 12100 12220 14100
12100 12220 32000
12100 12220 32000
12100 12220
11210 11220 11230 12100 12220 13100 14100 32000
11210 11220 11230 12100 12220 13100 14100 32000
11220 12100 12220 23000 32000
11220 11300 12100 12220 23000 32000
11210 11230 12220 32000
11210 11220 12100 12220 32000
11100 11210 12100 12220 32000
11100 11210 12100 12220 12300 14100
11210 11220 11230 11240 12220 14100
11210 11220 11230 11240 12100 12220 14100
11210 11220 11230 12100 12220
11210 11220 11230 12100 12220
12100 12220 12300 32000 50000
11220 11230 12100 12220 14100
11210 11220 11230 12100 12220 14100
11210 11220 12100 12220 14100
11210 11220 11230 12100 12220 14100
11220 11230 12100 12220 14100
11220 12100 12220 14100
12100 12220
11220 11230 12100 12220 14100
12100 12220
11220 11230 12100 12220 14100
12100 12220
11210 11220 11230 12100 12220 14100
11210 12100 12220 13300
11210 11220 12100 12220 14100 14200
11210 11220 11230 12100 12220 14100
12100 12220 14100
11220 11230 12100 12220 14100
11210 11220 11230 12100 12220 14100
11210 11220 11230 12100 12220 14100
12100 12220 13300
11210 11220 11230 12100 12220 14100
11210 11220 12100 12220 14100
11210 11220 12100 12220 14100
11210 11220 11230 11300 12220 13400 32000
11210 11220 11230 11300 12220 13400 32000
11210 11220 11230 12220 13400
11210 11220 11230 12220 13400
11220 12100 12220 14200 32000
11210 11220 12100 12220 14100 32000
11210 11220 12100 12220 14100
11210 11220 12100 12220 14100 32000
11210 11220 11230 11240 12220 32000
11220 11230 12220 23000
11220 11300 12100 12220 32000
11210 11220 12100 12220 32000
11220 11230 12100 12220 13400 14100
11220 12100 12220 13400 14100 14200
11220 12100 12220 13400 14100
11220 12100 12220 13400
11210 11220 12100 12220 14100
11210 11220 11230 12100 12220 14100
11210 11220 12100 12220 14100
11210 11220 12100 12220
11210 11220 11230 12100 12220
11210 11220 11230 12100 12220
11210 11220 11230 12100 12220 32000
11210 11220 11230 12100 12220 32000
11100 11210 11220 12100 12220 14100
11220 11230 12100 12220 32000
11210 11220 11230 12100 12220
11210 11220 12100 12220 14100
11220 11230 12100 12220 14100 14200
11210 11220 12100 12220 14100
11100 11210 11220 12100 12220 13400
11220 11230 12100 12220 14100 14200
11220 11230 12100 12220
11210 11220 11230 12100 12220 13400
11210 11220 12100 12220
11210 11220 12100 12220
11210 11220 12100 12220
11220 11230 12100 12220 13400
11210 11220 12220
11210 11220 12100 12220
11210 11220 11230 12100 12220
11220 11230 12100 12220 14100
11210 11220 11230 12100 12220
11100 11210 11220 12100 12220
11210 11220 11230 12100 12220 13400
11100 11210 11220 12100 12220 14200
11100 11210 11220 12100 12220
11210 11220 11230 12100 12220
11210 11220 12100 12220
11100 11210 11220 12100 12220 14100
11100 11210 11220 12100 12220 14200
11100 11210 12100 12220 14100 14200
11210 11220 12100 12220 32000 50000
11100 11210 12100 12220
11210 11220 12100 12220 13400 14100
11100 11210 11220 12100 12220
11100 11210 11220 12100 12220 14100
11210 11220 12100 12220 13400
11100 11220 12100 12220 32000 50000
11210 11220 11230 12100 12220 13400 14100
11100 11210 12100 12220
11100 11210 12100 12220
11100 11210 11220 12100 12220
11100 11210 11220 12100 12220 13400 14100
11100 11210 11220 12100 12220 14100
11210 11220 11230 12100 12220 13400 14100
11210 11220 11230 12100 12220
11220 12100 12220 13400
11210 11220 12100 12220 14100
11210 11220 12100 12220
11210 11220 11230 12100 12220 13300 13400 14100 32000
11210 11220 11230 12100 12220 13400 14100
11210 11220 12100 12220 14200 32000
11100 11210 11220 11230 12100 12220 14100
11100 11210 12100 12220 14100 14200
11100 11210 11220 12100 12220
11100 11210 11220 12100 12220 14100
11220 11230 12100 12220 14100
11210 11220 12100 12220
11210 11220 11230 12100 12220 13400 14100
11220 11230 12220
11210 11220 12100 12220 14100 14200
11210 11220 11230 12100 12220
11210 11220 12220 14100
11210 11220 12100 12220 14100
11220 11230 12100 12220 14200
11210 11220 11230 12100 12220
11220 12100 12220 14200
11220 12100 12220 14100
11220 11230 12100 12220
11220 11230 12100 12220 14200
11210 11220 11230 12100 12220 14100 14200
11210 11220 12100 12220 14100
11210 11220 12100 12220 14100
11100 11210 12100 12220 12300 14100
11220 11230 12220 12400 13400
11220 11230 12220 12400 32000
11220 11230 12100 12220 12400 13400
11220 11230 12100 12220 13400 32000 33000
11220 11230 11240 12220 13400 32000 33000
11220 11230 11240 12220 13400 32000
11210 11220 11230 12100 12220 14100 32000
11220 12100 12220 14100 32000 33000
11100 11210 12100 12220
11100 11210 11220 11230 12100 12220 14100 50000
11100 11210 12100 12220
11100 11210 12220
11100 11210 12100 12220
11100 11210 12220
11100 11210 11220 11230 12100 12220 12300 14100
11100 11210 11230 12100 12220 12300 13400 14100 32000 50000
11100 11210 11230 12100 12220 14100 50000
11100 11210 11230 12100 12220 14100
11100 11210 11220 11230 12100 12220 14100
11100 11210 11220 12100 12220 14100
11100 11210 11220 11230 12220
11210 11220 11230 12220 14100 50000
11100 11210 11220 12100 12220
11100 11210 12100 12220 14100
11100 11210 11220 11230 12100 12220 14100 50000
11100 11210 12100 12220
11100 11210 12100 12220
11100 11210 11220 12100 12220
11100 11210 11220 11230 12220
11100 11210 11220 11230 12100 12220 14100
11100 11210 11220 12220 14100
11100 11210 12100 12220
11100 11210 11220 11230 12100 12220
11100 11210 12100 12220
11100 11210 12100 12220
11100 11210 11220 11230 12100 12220
11210 11220 11230 12220 14100 50000
11100 11210 12220
11100 11210 12100 12220
11210 11220 11230 12220 14100
11100 11210 12220
11100 11210 12100 12220
11210 11220 11230 12220
11100 11210 12100 12220 33000 50000
11100 11210 11220 12100 12220
11100 11210 11220 11230 12100 12220
11100 11210 12100 12220
11100 11210 11220 11230 12100 12220
11100 11210 11220 11230 12220
11210 11220 11230 12100 12220
11210 11220 12100 12220
11210 11220 12100 12220
11210 11220 12100 12220
11210 11220 12100 12220 13400
11210 11220 11230 12100 12220 13400 14200
11210 11220 12100 12220 14100
11210 11220 12100 12220 14100
11220 11230 12100 12220 13400 14100
11210 11220 12100 12220 14100
11220 12100 12220 13400
11220 11230 12100 12220 14100 50000
11210 11220 11230 12100 12220
11220 11230 12220 14100
11210 11220 11230 12220
11220 11230 12220 14100
11210 11220 12220 13400 32000
11100 11210 12100 12220 12300 33000 50000
11100 11210 12100 12220
11100 11210 11220 12100 12220
11210 11220 12100 12220
11210 11220 12100 12220
11210 11220 12220
11300 12220 23000 50000
11210 11220 12100 12220
11210 11220 12100 12220
11210 11220 12220
11100 11210 11220 12100 12220
11100 11210 11220 12100 12220
11100 11210 11220 12100 12220
11100 11210 11220 12220 12300
11100 11210 11220 12100 12220 12300
11100 11210 11220 12100 12220 12300
11100 11210 12100 12220 12300
11100 11210 12100 12220 12300
11100 11210 11220 12100 12220 12300
11100 11210 12100 12220
11100 11210 11220 12100 12220 14100
11210 11220 11230 12220 32000 33000
11210 11220 11230 12220
11210 11220 11230 12220 32000
11210 11220 12100 12220 14100 32000 33000
11210 11220 12100 12220 14100 32000 33000
11210 11220 11230 12220 32000 33000
11210 11220 11230 12100 12220 14200 32000
11210 11220 11230 12100 12220 32000 33000
11210 11220 12100 12220 14200 32000
11210 11220 12220 13400
11210 11220 12220 13400 32000
11210 11220 12220 32000
11220 11230 11240 12220 13400 32000 33000
12100 12220 13100 32000
11100 11210 11220 12220 13300 33000
12220 12300
11210 12100 12220 12300
12100 12220 12300 50000
12100 12220 13100 13400 33000
11100 11210 11220 12220 13300
12220 13400 32000 33000
12100 12220 13400 32000 33000
11240 12100 12220 13400
12100 12220 13400 33000
11220 11230 12220 13400
11220 11230 12100 12220 13400
11210 11220 12100 12220 13400
12220 13100 13400 33000
11220 12100 12220 13400
12100 12220 13400
11210 11220 12220 13400 32000
11220 12100 12220 13400 14100
11220 11230 11300 12100 12220 14100
11220 12100 12220 14100 32000
11220 12100 12220 14100 32000
11210 11220 11230 12100 12220 14100
11210 11220 12100 12220 14100
11210 11220 12100 12220 14100 23000 32000
11220 11230 12100 12220 14100
11220 12100 12220 14100 14200
11220 12100 12220 13400 14100
11210 11220 12100 12220 14100
11210 11220 12220 14100 32000 33000
11210 11220 11230 12220 14100
11220 11230 12100 12220 14100
11230 11240 12100 12220 14100
11210 11220 12100 12220 13400 14100
12220 14200 32000 50000
11220 11240 11300 12220 23000
11220 11240 11300 23000 50000
11300 12100 12220 23000 33000
11220 12100 12220 14200 23000 32000
11220 11300 12220 23000 50000
11230 11300 12220 13400 23000 50000
11300 12220 13100 23000 32000 50000
11300 12220 23000 32000
11300 12220 13100 23000 32000
11300 12220 23000 32000
11300 12220 23000
11220 11230 11240 12220 14200 23000
11240 11300 23000 50000
11230 11240 11300 12220 23000 50000
11300 23000 50000
11300 23000 50000
11240 11300 12220 23000 50000
11300 23000 33000
11300 23000 33000
11300 12220 23000 33000
11300 12220 23000 33000
11230 11300 12220 23000
11240 11300 23000
11300 23000 50000
11300 23000 32000
11240 11300 12100 23000 50000
11240 12100 12220 23000 50000
12100 23000 33000
12100 23000
11300 12100 23000
11300 12100 23000
11240 12100 23000
11240 12220 23000
11300 23000 33000
11240 12100 23000
11300 12100 12220 23000 32000
11240 11300 12100 12220 23000
11300 12220 23000 32000
11300 12220 23000 32000
11300 23000
11300 23000
11300 12100 12220 23000 32000 33000
12100 23000
12100 12220 23000 32000 33000
11300 23000
11300 23000
11300 23000
11300 12100 23000
11300 12100 23000
11300 12100 12220 23000 32000
11300 12100 23000
11300 12100 23000
12100 12220 23000 33000
11300 23000 32000
11300 12220 23000 33000
12100 12220 23000 32000
11300 12220 23000 32000
12100 12220 23000 32000
11300 12100 12220 23000
11300 12100 23000 33000
11300 23000
11300 12100 23000
11300 12100 23000
12100 23000
11300 12220 23000 32000 33000
11300 23000 33000
12100 12220 23000
12100 23000
11300 23000 33000 50000
11300 23000 33000
11300 12100 12220 23000 32000
11240 11300 12220 23000 32000
11300 12220 23000
11240 11300 12220 23000 50000
11300 23000 33000
12100 12220 23000 33000
11240 23000 32000
11240 23000 32000
11240 23000 50000
12100 23000 32000
11300 12220 23000 33000
11300 12220 23000 32000 33000
11300 12220 14100 23000 33000
11300 23000
11300 23000
12100 12220 13300 14100 23000 32000 50000
11240 11300 12220 23000 33000
11240 11300 12220 23000
11240 12220 23000 32000
11300 12220 23000
11300 12220 31000 32000 50000
11300 12220 31000 32000
11300 13100 32000
11300 32000
11220 12220 14200 32000
11220 11230 11240 12100 12220 32000
13100 32000 50000
12100 12220 14200 32000
12100 12220 32000
11220 12100 12220 14100 23000 32000 50000
11220 12100 12220 32000
11220 12100 12220 14100 32000
11220 12100 12220 14100 32000
11300 32000
11300 12220 32000
11240 12100 14100 32000
11300 12220 32000
11240 12220 32000
11240 12220 32000
11220 12100 12220 32000
11300 12220 32000 33000
11300 32000 33000
11240 11300 12220 32000 33000 50000
11300 12100 32000 50000
11240 32000 33000 50000
11300 32000 50000
11300 12220 32000 50000
11300 12220 32000 50000
11300 32000 50000
11300 12220 32000
11210 11220 12100 12220 32000 33000
11300 32000
12220 31000 32000
11300 12220 32000
11300 12220 32000 50000
11300 12220 32000
11300 12220 31000 32000 50000
11300 12220 32000
11300 32000
11300 32000
11300 32000
11300 32000 50000
11300 12220 32000
11300 32000 50000
11300 32000
11300 32000 50000
11300 12220 23000 32000 33000
11300 12220 32000 33000
11300 32000 50000
11300 32000 50000
12100 32000
11300 12100 12220 32000
11300 32000 50000
11300 32000 50000
11300 32000 50000
11300 32000
11300 12220 32000 33000
11300 12220 32000
12100 12220 23000 32000
11300 12220 32000
11300 12220 14200 32000
11240 12100 12220 32000
12220 31000 32000
11300 32000 50000
12220 32000
11210 12100 12220 14200 23000 32000
11300 12220 32000
11300 12100 12220 32000
11300 12220 32000
11300 12220 23000 32000
11300 32000
11300 32000
11300 32000
11300 12100 32000
11220 11230 12220 13100 14200 32000 33000
11210 11220 12100 12220 14100 32000
11220 12100 12220 32000
11210 11220 12220 13300 13400 14200 32000 50000
11240 11300 12100 12220 23000 32000
11220 11230 12220 14200 32000
11300 23000 32000
11300 32000
12100 12220 23000 32000
11300 12100 32000
12100 32000 33000
12100 32000
11300 32000 33000 50000
12100 12220 32000 33000
12100 32000 33000
12100 12220 23000 32000
11300 12220 32000 33000 50000
11300 12220 32000 33000
11300 12220 23000 32000 33000
11300 32000
12100 32000
11300 12100 23000 32000
11300 12100 23000 32000
11220 11240 12220 32000
23000 32000
11300 32000
11300 32000
11240 11300 32000
12100 13300 32000
12100 12220 32000
11300 32000
12100 13300 32000
11300 23000 32000
11300 23000 32000
11300 12220 32000
12100 23000 32000
12220 23000 32000
11300 12220 32000 33000
12220 23000 32000
11300 32000 33000
12100 12220 32000 33000
12100 12220 32000 33000 50000
12100 12220 32000
11300 32000
11300 32000
11300 32000
11300 32000
11300 32000
11300 12220 32000
11300 32000
11300 12220 32000 33000
11300 12100 12220 32000
11300 12220 32000
11300 12220 32000
11300 12100 12220 32000
12100 13100 14200 32000
11300 12100 12220 32000 50000
11300 12220 32000
11300 12220 32000
12100 32000
11300 32000
11300 32000
11300 12220 32000
11210 11230 11300 12220 33000
12100 32000
11300 32000
12100 12220 32000 33000
11300 32000 50000
11300 32000
12100 12220 32000 33000 50000
11300 12220 32000
11300 12220 13100 32000
11240 12100 12220 32000
11300 12100 32000
11300 12100 32000 50000
11300 12220 32000
11240 12220 33000
23000 33000
32000 33000
12100 12220 32000 33000
11300 12220 23000 33000
11220 12220 13400 33000
11300 12220 33000
11210 11220 12100 12220 33000
12100 33000
11220 12220 33000
11300 12220 33000
12220 33000
11300 12220 33000
11300 12220 32000 33000
11300 12220 33000
11300 33000
11300 12220 33000
11300 33000
11300 12220 33000
12100 12220 33000 50000
11300 33000
11300 12220 33000 50000
11300 12220 33000 50000
11300 32000 33000
11300 33000
11300 33000 50000
11240 11300 23000 33000
11300 32000 33000
11300 33000 50000
11300 32000 33000
11300 33000 50000
11300 12220 23000 33000
11300 33000
12100 12220 33000 50000
13100 13300 33000
13100 13400 33000
12100 33000
12220 13100 33000
11300 33000
11240 12220 33000
11220 12220 13100 33000
11300 12220 32000 33000
11300 12220 23000 33000
11220 11240 11300 12220 23000 33000
11240 11300 33000
11300 33000
32000 33000
32000 33000
11300 12220 33000 50000
11240 11300 33000
11300 33000
12100 33000
11300 33000
11300 12100 12220 32000 33000
12100 33000
12220 32000 33000
11300 23000 32000 33000
32000 33000
32000 33000
32000 33000
13100 33000
11300 33000
12100 33000
11240 12220 33000
11300 33000
11300 12220 32000 33000
11300 33000
11300 12220 33000
11300 12100 23000 33000
11210 11220 11230 12220 13400 32000
11210 11220 11230 12100 12220 14200 32000
11210 11240 12220 13400 32000 33000
11210 11240 12220 13400 32000 33000
11210 11220 11230 12220 13400 14100 32000
11210 11220 11230 12220 13400 14100
11210 11240 11300 12220 13400 32000
12100 12220 33000 50000
12100 12220 33000 50000
33000 50000
11210 11220 11230 12100 12220 14200 32000
12220 32000 50000
12220 32000 50000
11300 32000 50000
32000 50000
32000 50000
32000 50000
12100 12220 13400 14200 32000 50000
12220 32000 50000
33000 50000
11220 12220 14100 32000 50000
33000 50000
11210 12100 12220 32000 50000
33000 50000
11230 12220 23000 50000
12220 32000 33000 50000
32000
11210 11220 11230 12100 12220 14100 50000
11210 12100 12220 13300 14100
11100 11210 11220 12100 12220
11230 12100 12220 32000
12100 12220 14100
11300 23000 33000 50000
32000 50000
11230 12100 12220 32000
33000 50000
12220 32000 33000 50000
32000 50000
32000
33000 50000
12100 12220 23000 32000
32000 50000
11300 12100 32000 33000 50000
12220 32000 50000
32000 50000
32000
12100 12220 32000 33000 50000
32000
33000 50000
11220 11230 12100 12220 14100 32000
11220 11230 12100 12220
11210 11220 12220 32000
11100 11210 12100 12220
11210 11220 11230 12220 13400
11210 11220 11230 12220 13400
11210 11220 12100 12220 14100
11300 12100 12220 23000 32000
11100 11210 12100 12220
11220 11230 12100 12220 13400
11220 12100 12220 13400 32000
11220 12100 12220 14100
11240 11300 12220 32000
11100 11220 12100 12220
12100 12220 32000 50000
11220 12100 12220 14100
11300 12220 13100 23000 32000 50000
11210 11220 12220 13400
11210 11220 11230 12220 13400
11300 12220 32000
11220 11230 12100 12220 13400 14100
11220 11240 12100 12220 13400 32000
11220 11230 12100 12220 13400 14100
11210 11220 12100 12220 33000
11220 11230 12100 12220
11300 12220 13100 23000 32000 50000
11100 11210 12100 12220 14100
11100 11210 12100 12220 14100
11100 11210 11220 11230 12100 12220 14100 50000
11100 11210 11220 11230 12100 12220 14100 50000
11300 12220 32000
11210 11220 11230 12220 13400 14100 32000
11210 11220 11230 12100 12220 13400 14100
11210 11220 12220 13400 32000
11100 11210 11230 11240 12220 33000
11100 11210 11230 11240 11300 12220 33000
11100 11210 11220 12220 13300 33000
11100 11210 11220 12220 13300 33000
11100 11210 12100 12220
11100 11210 12100 12220
11210 11220 12100 12220 13400 32000 33000
11210 11220 12220 32000 33000
11210 11220 12220 13400 32000
11210 11220 12100 12220 13400 33000
11210 11220 12100 12220 33000
11100 11210 11220 11230 12100 12220 13300 13400 23000 32000
11210 11220 12100 12220 32000
11100 11210 11220 12220 13300
11100 11210 11220 12220 13300
11210 11220 11300 12100 12220 23000 32000
11210 11220 12100 12220 13400
11210 11220 12100 12220 13400
11210 11220 12100 12220 13400 32000
11210 11220 11230 12220 13400
11210 11220 11230 12100 12220 13400 14100
11210 11220 11230 12220 13400 32000
11100 11210 12100 12220
11210 11220 11230 12220 13400 32000
11100 11210 12100 12220
11210 11220 12220 13400 32000
11210 11220 12100 12220 14100 32000
11210 11220 11230 12100 12220 13400 14100 32000
11210 11220 11230 12220 13400 14100
11210 11220 12220 32000
11210 11220 11230 12220 13400 32000
11210 11220 12220 13400
11210 11220 11230 12220 13400 32000
11210 11220 11230 12220 13400 14100
11210 11220 12100 12220 33000 50000
11100 11210 11220 12100 12220 33000
11210 11220 11230 12100 12220 13100 32000
11210 11220 11230 11240 11300 12220 13400 32000
11210 11220 11230 12220 13400 32000
11210 11220 12220 13400 32000 50000
11210 11220 11230 12220 13400 32000 50000
11210 11220 11230 12100 12220 32000
11210 11220 11230 12220 13400 14100 32000
11210 11220 11230 11240 11300 12100 12220 32000
11210 11220 11230 12100 12220 32000
11210 11220 11230 12100 12220
11210 11220 11230 12220 14200 23000
11210 11220 11230 12220 14200 23000
11210 11240 12220 13400 14200 32000
11210 11220 11230 12220 13400 14100 32000
11210 11220 11230 12100 12220 14100 14200 23000
11210 11220 11230 12220 13400
11210 11220 11230 12220 13400 23000 50000
11210 11220 11230 12220 13400 32000
11210 11220 11230 12220 13400 32000
11210 11220 11230 12220 13400
11210 11220 11230 12100 12220 13400 14200 23000 32000 50000
11210 11220 11230 12100 12220 13100 14100 32000
11210 11220 11230 12220 13400
11210 11220 11230 12100 12220
11210 11220 11240 12100 12220 13400 14200 32000
11210 11220 11230 12220 13400 32000 50000
11210 11220 11230 12220 13400 32000 50000
11210 11220 11230 12220 13400 14100 32000
11220 11240 11300 12100 12220 23000 33000
11220 11240 33000
11220 11240 11300 12220 33000
11220 11240 11300 12100 12220 23000 33000
11210 11220 12100 12220 13400 32000 33000
11210 11220 12100 12220 32000
11210 11220 11240 12100 12220 13400 32000 33000
11210 11220 12100 12220 13400 32000
11210 11220 11230 12100 12220 23000
11210 11220 12100 12220 14100 33000
11220 11230 11240 11300 12100 12220 23000 32000 50000
11220 11230 12100 12220 13400 32000
11220 11230 12100 12220 13400 14200 32000
11210 11230 12100 12220 33000
11210 11220 11230 12100 12220 32000 33000
11210 12100 12220 32000 33000
11210 11220 11230 12100 12220 13400
11300 12220 23000 32000 50000
11220 11230 12100 12220 14200 23000
11210 11230 12100 12220 33000
11220 12100 12220 13300 14100
11220 11230 12100 12220 13400 32000 33000
11210 11220 12100 12220 13400 32000
11210 11220 12100 12220 13400 32000 50000
11210 12100 12220 33000
11210 12100 12220 33000
11210 11220 12100 12220
11210 11220 12100 12220 50000
11210 11220 11230 12100 12220 13100 13400 14200 32000 33000
11210 12100 12220 13400 23000 32000
11220 12100 12220 14200 32000 33000
11210 11220 12100 12220 14100
11210 11220 12100 12220 13400 14200 32000
11210 11220 11230 12100 12220 13400 14100
11210 12100 12220 13400 32000
11210 11220 11240 12100 12220 14100 32000 33000
11220 12100 12220 13400 14100 33000
11220 12100 12220 14100 33000
11220 12100 12220 32000 33000
11220 12100 12220 33000
11210 11220 12100 12220
11210 11220 11230 12100 12220 14200
11210 11230 11240 12100 12220 14100 14200 32000
11210 12100 12220 13400
11210 11220 11230 11240 12100 12220 14200 32000
11220 11230 12100 12220 14200 32000
11220 11230 12100 12220 14200
11210 12100 12220 32000
11210 12100 12220 32000
11210 11220 12100 12220 32000
11220 12100 12220 32000
11220 12100 12220 14100
11220 11230 12100 12220 14200 32000
11210 11220 11230 12100 12220 14100 32000
11210 11220 12100 12220 14200 32000 33000
11210 11230 12100 12220 32000
11210 11220 11230 12100 12220 13300 13400 14100 14200 32000
11220 12100 12220
11210 11220 12100 12220 13400
11210 11220 12100 12220
11220 12100 12220
11210 11220 11230 12100 12220 13400 14100 23000 32000
11220 12100 12220 23000 32000
11210 11220 11230 12100 12220 13400
11210 11220 12100 12220 13400
11220 12100 12220 23000
11220 12100 12220
11230 12100 12220 23000 32000
11220 11230 12100 12220 14100 32000
11210 11220 12100 12220 33000
11210 11220 12100 12220
11210 11220 11230 12100 12220 23000 32000 33000
11220 11230 12100 12220
11220 12100 12220
11210 11220 12100 12220 32000
11210 11220 12100 12220 32000 50000
11220 12100 12220 13400 14200 32000
11220 12100 12220 32000
11230 12100 12220 23000
11220 12100 12220 13300 14100 32000
11230 11240 11300 12100 12220 32000
11220 12100 12220 32000
11220 12100 12220 32000
11220 12100 12220
11220 12100 12220 13400 14100
11210 12100 12220
11240 12100 23000
11220 12100 12220 14200 32000
11220 11230 12100 12220 13400 14200
11210 11220 12100 12220 32000
11100 11210 12100 12220 14100
11210 11220 12100 12220 13400 32000
11240 12100 12220 23000 32000 33000
11100 11210 11220 12100 12220
11210 11220 12100 12220 13400
11220 12100 12220 13400
11210 11220 12100 12220
11210 11220 11230 12100 12220 23000
11210 11220 11230 12100 12220 23000
11210 11220 12100 12220 14100
11220 11230 12100 12220 14200 32000
11230 12100 12220
11210 11230 11240 11300 12100 12220 23000 31000 32000
11210 11220 12100 12220 14100
11240 12100 12220 23000 32000 33000 50000
11210 11220 11230 12100 12220 14200
11240 12100 23000
11220 11230 12100 12220 14100 23000
11220 11230 12100 12220 14200 23000
11210 11220 11230 12100 12220
11210 11220 11230 12100 12220
11210 11220 11230 12100 12220 23000
11210 11220 12100 12220
11210 11220 12100 12220 13400 14200
11210 11220 11230 12100 12220 13400 14100
11210 11220 11230 12100 12220 23000
11220 12100 12220 14200 23000 32000
11220 12100 12220 13400
11220 12100 12220
11210 11220 12100 12220 50000
11220 12100 12220
11210 11220 12100 12220 14100
11230 12100 12220 32000
11210 11230 12100 12220 32000
11210 11220 12100 12220 13400 14100
11210 11220 11230 12100 12220 13400 14100
11220 11230 12100 12220 13400 14100
11100 11210 11220 12100 12220
11220 12100 12220 13400
11220 12100 12220 13400 14100
11210 11220 12100 12220 50000
11210 11220 12100 12220 14100 14200 23000 32000
11220 11230 12100 12220
11220 12100 12220 14200 23000 32000
11100 11210 11220 11230 12100 12220
11100 11210 11220 11230 12100 12220 13400 14100
11100 11220 12100 12220 13400 14100
11210 11220 12100 12220 14100 32000
11220 12100 12220 32000
11210 11220 11230 12100 12220 13400 14100
11210 11220 12100 12220
11210 11220 12100 12220 13400 14200
11220 11230 12100 12220 14200 23000
11220 11230 12100 12220 14200 23000
11220 11230 12100 12220 14100 14200 23000
11210 11220 11230 12100 12220
11220 11230 12100 12220 23000
11220 11230 12100 12220 23000
11210 11220 12100 12220 13400 14200 32000
11210 11220 11230 12100 12220 13400 14100
11220 11230 12100 12220 13400 14100
11230 12100 12220 13400 14200 23000
11220 12100 12220 23000
11220 11230 12100 12220 23000
11220 11230 12100 12220 13400 14100 14200 23000
11100 11210 11220 11230 12100 12220
11210 11220 12100 12220 33000
11210 11220 11230 12100 12220 23000
11210 11220 11230 12100 12220
11210 11220 11230 12100 12220
11220 12100 12220 23000 32000
11220 12100 12220
11220 12100 12220 14200
11220 11230 11240 12100 12220 33000
11220 11230 12100 12220
11220 11230 11240 12100 12220 33000
11210 11220 12100 12220 23000 32000 50000
11220 11240 12100 12220 32000
11210 11220 12100 12220 14200 23000 32000 50000
11100 11210 11220 11230 11240 11300 12100 12220 32000 33000
11220 11230 12100 12220 13400
11220 11230 11240 12100 12220 13400 14100 31000 32000
11220 11230 12100 12220 31000 32000
11210 12100 12220 23000
11220 12100 12220 13400
11220 12100 12220 13400
11210 11220 12100 12220 14200 23000
11220 11230 12100 12220
11220 12100 12220 14100
11220 12100 12220
11210 12100 12220
11240 11300 12100 12220 14200 32000
11220 11230 12100 12220
11220 11230 12100 12220 14100 31000 32000
11220 11230 12100 12220 14100
11210 11220 11300 12100 12220 33000
11210 11220 12100 12220 33000
11100 11210 11220 11230 12100 12220 13400 14200 32000
11210 11220 12100 12220 13400
11210 11220 12100 12220 14200 32000
11210 11220 12100 12220 14100
11240 12100 12220 14200 32000
11210 11220 12100 12220 13400 14100
11220 12100 12220 32000
11220 12100 12220 13400 32000
11210 11220 12100 12220 33000
11100 11220 12100 12220
11210 11220 12100 12220 33000
11210 11220 11230 12100 12220
11210 11220 12100 12220
11210 11220 11230 12100 12220 13400 14100 50000
11210 11220 12100 12220 13400 14100 50000
11210 11220 12100 12220 13400 14100
11210 11220 12100 12220 13400
11230 12100 12220 23000 32000 50000
11210 12100 12220 13300 14200 23000 32000
11210 11220 12100 12220 14200 32000
11210 11220 12100 12220 13100 13400 32000
11210 12100 12220 13400 32000
11220 11230 11300 12100 12220 13400 32000
11210 12100 12220 13400 32000
11210 11220 12100 12220 13400
11220 11230 12100 12220 14100
11210 12100 12220 13400 32000
11210 11220 12100 12220 50000
11210 11220 12100 12220 13400 14100 32000
11210 11220 12100 12220 13400 14100
11210 11220 12100 12220 32000
11210 11220 11230 12100 12220 14100 32000
11210 11220 12100 12220 14100 32000
11210 11220 11230 11240 12100 12220 14100
11210 11230 12100 12220 14100
11210 11220 12100 12220 32000
11210 11220 12100 12220 13300 13400 14100
11210 11220 12100 12220 32000
11210 11220 12100 12220
11210 11220 11230 12100 12220 14100
11210 11220 11230 12100 12220 14100
11220 11240 12100 12220 14100 32000
11220 12100 12220 32000
11220 11230 11240 12100 12220 32000
11210 11220 11230 12100 12220 14100
11210 11220 11230 12100 12220 14100
11210 11220 12100 12220 14100
11210 11240 11300 12220 13400 32000
11210 11220 11230 12100 12220 14100
11220 11230 12100 12220 14100
11210 11220 12100 12220 13400 32000
11210 11220 11230 11240 12100 12220 14100
11220 11230 12100 12220 14100
11210 11220 11230 12100 12220 13400 14200
11220 12100 12220 14200 32000 50000
11220 11230 12100 12220 14100 32000
11220 11230 12100 12220 14100
11220 11230 12100 12220 14100 14200 23000
11220 11230 12100 12220 14200
11210 11220 12100 12220 14100
11210 11220 12100 12220 13400 14100 32000
11210 11220 12100 12220 13400 14100 32000
11210 11220 12100 12220 32000
11220 11230 12100 12220 14100
11220 11230 12100 12220 13400 14100
11210 11220 11230 12100 12220 13400 14100
11210 11220 11230 12100 12220 13400 14200
11210 11220 12100 12220 14100 14200 32000
11210 11220 12100 12220 14100
11220 11230 12100 12220 14100 14200
11220 11230 12100 12220
11220 11230 12100 12220 13400 14100
11210 11220 11230 12100 12220 13400 14100
11220 12100 12220 13400
11220 12100 12220 13400
11210 11220 12100 12220
11210 11220 12100 12220
11220 11230 12100 12220 14100
11220 11230 12100 12220 14100
11240 12100 12220 32000
11220 11230 12100 12220 12300 13400 14100
11210 11220 11230 12100 12220 14100
11220 11230 12100 12220 14100 14200
11220 11230 12100 12220 14200
11220 12100 12220 14100 32000
11220 11230 12100 12220 14100 32000
11220 11230 12100 12220 14100
11210 11220 11230 12100 12220 14100
11210 11220 11230 12100 12220 14100
11220 11230 12100 12220 14200
11220 11230 12100 12220 13400
11220 12100 12220 13400
11210 11220 11230 11240 12100 12220 14100 32000
11240 12100 12220 32000
11220 11230 12100 12220 14100
11220 12100 12220 14100
11210 11220 11230 12100 12220
11220 11230 12100 12220 13400 14200
11220 11230 12100 12220
11240 12100 12220 32000
11220 12100 12220 14200 32000
11220 11230 12100 12220 14100 32000
11210 11220 12100 12220 13400 14100 32000
11210 11220 12100 12220 14100
11210 11220 12100 12220 14100
11210 11220 11230 12100 12220 14100
11220 11230 12100 12220 14100
11210 11220 12100 12220
11210 11220 11230 12100 12220 12400 13400
11210 11220 12100 12220 32000
11210 11220 12100 12220 32000
11220 11230 12100 12220 14100
11220 11230 12100 12220 14100
11220 12100 12220 14100 32000
11210 11220 11230 11240 12100 12220 32000
11210 11220 12100 12220 14100
11220 11230 12100 12220 14100
11210 11220 12100 12220 14100
11210 11220 12100 12220 14100
11210 11220 12100 12220 14100
11210 11220 12100 12220 14100
11210 11220 12100 12220 14100
11220 11230 12100 12220 14100 14200
11210 11220 11230 12100 12220 14100 14200 23000 32000
11220 12100 12220 32000
11210 11220 12100 12220 14100
11210 11230 12100 12220 32000
11210 11230 12100 12220 32000
11210 11220 12100 12220 13400 32000
11220 11230 12100 12220 14100 32000
11210 11220 11230 12100 12220 14100 14200 32000
11230 12100 12220 13400 14100
11210 11220 11300 12100 12220 14200 32000
11210 11220 12100 12220 32000
11210 11220 12100 12220 32000
11220 12100 12220 14200 23000
11210 11220 12100 12220
11220 11230 12100 12220 12400 13400
11100 11210 12100 12220
11210 11220 12100 12220 32000
11210 11220 11230 12100 12220 32000
11210 11220 11230 12100 12220 13400 14100
11220 12100 12220 13400
11100 11210 12100 12220
11220 11230 12100 12220 13400 14200 23000
11220 11230 12100 12220 13400 23000
11210 11220 12100 12220 32000
11220 12100 12220 14200 23000
11210 11220 11230 12100 12220 14100 50000
11210 11220 12100 12220 32000
11210 11220 12100 12220
11220 11230 12100 12220
11210 11220 11230 12100 12220 13400 14100
11210 11220 11230 12100 12220
11210 11230 11240 12100 12220 14200 23000 50000
11220 11230 12100 12220 14200 23000
11210 11220 12100 12220 13400 14200 32000
11100 11210 12100 12220 12300 14100
11100 11210 11220 12100 12220 14100
11100 11210 11220 12100 12220 12300 14100
11100 11210 11220 12100 12220 14100
11210 11220 12100 12220 14100
11100 11210 12100 12220 14100
11100 11210 12100 12220 14100
11100 11210 11220 11230 12100 12220 14100
11100 11210 11220 11230 12100 12220 14100 50000
11210 11220 12100 12220
11220 11230 12100 12220
11220 11230 12100 12220 14100 50000
11100 11210 11220 11230 12100 12220 14100 50000
11100 11210 12100 12220 14100
11100 11210 12100 12220 14100
11220 11230 12100 12220 32000
11220 11230 12100 12220
11100 11210 11220 12100 12220 14100 50000
11100 11210 11220 12100 12220 14100 50000
11100 11210 11220 12100 12220 14100
11100 11210 11220 12100 12220 14100
11210 11220 12100 12220
11210 11220 12100 12220 14100
11240 11300 12100 12220 32000 50000
11210 12100 12220 14200 33000
11240 12100 12220 13400 32000
11210 12100 12220 14200
11210 11220 11230 12100 12220 14200 32000 33000
11210 11220 11230 12100 12220 14200 32000
11210 11220 12100 12220 33000
11210 11220 11230 12100 12220 13400 14200 32000 33000
11210 11220 12100 12220
11210 11220 12100 12220
11100 11210 11220 12100 12220 14200 33000
11210 12100 12220 14200 33000
11210 11220 11230 12100 12220 14200 32000
11240 12100 12220 13400 32000
11240 12100 23000
11240 11300 12100 23000
11240 11300 12100 12220 23000
11100 11210 11220 12100 12220
11100 11210 11220 12100 12220 33000 50000
11100 11210 11220 12100 12220 33000 50000
11210 11220 12100 12220 13400 32000
11220 12100 12220 13400 32000
11220 12100 12220 13400 32000
11100 11210 11220 12100 12220
11100 11210 11220 12100 12220
11100 11210 12100 12220 12300 33000 50000
11100 11210 12100 12220 12300 33000 50000
11230 11300 12100 23000 32000
11230 12100 23000 32000
11240 11300 12100 23000 32000
11240 12100 23000 32000 33000
11300 12100 12220 23000 33000
11300 12100 12220 23000 33000
11210 11220 11230 12100 12220 32000 50000
11210 11230 12100 12220 32000 50000
11210 11220 11230 12100 12220 13400
11210 11220 11230 12100 12220 13400 14100 32000
11210 11220 11230 12100 12220 12400 13400 14100 32000
11100 11210 12100 12220
11100 11210 12100 12220
11100 11210 12100 12220 14100 14200
11100 11210 11220 12100 12220 14100 14200
11100 11210 11220 11230 12100 12220
11100 11210 11220 11230 12100 12220
11100 11210 12100 12220 32000 50000
11100 11210 12100 12220 32000
11100 12100 12220 32000 50000
11100 11210 11230 12100 12220 32000 50000
11210 11220 11230 12100 12220
11210 11220 11230 12100 12220 13400
11210 11220 12100 12220 13400 14100
11100 11210 11220 12100 12220 13400
11210 11220 12100 12220 14100
11210 11220 12100 12220 14100
11210 11220 12100 12220 14100
11210 11220 12100 12220 13400
11210 11220 12100 12220 13400
11100 11210 11220 12100 12220
11220 12100 12220 13400 14100 14200
11220 12100 12220 13400 14100
11210 11220 11230 12100 12220 13400 14100
11210 11220 12100 12220 13400
11210 11220 12100 12220 14100
11210 11220 11230 12100 12220 14100 14200
11210 11220 12100 12220 14100 14200
11100 11210 11220 12100 12220 13400
11210 11220 12100 12220 14100 14200
11210 11220 12100 12220 14100 14200
11210 11220 11230 12100 12220 13400 14100
11210 11220 12100 12220 13400 14100
11210 11220 12100 12220 14100
11210 11220 12100 12220 13400 14100
11100 11210 11220 12100 12220 14100
11100 11210 11220 12100 12220
11210 11220 11230 12100 12220 14100
11210 11220 12100 12220 14100
11100 11210 12100 12220
11210 11220 12100 12220 13400 14100
11210 11220 12100 12220
11210 11220 11230 12100 12220 32000 50000
11210 11220 11230 12100 12220 13400 14100
11210 11220 12100 12220
11210 11220 11230 12100 12220 12400 13400 14100
11210 11220 11230 12100 12220 14100
11210 11220 11230 12100 12220 14100
11220 11230 12100 12220 13400 14100 14200 23000
11210 11220 11230 12100 12220 14100
11220 11230 12100 12220 13100
11220 11230 12100 12220 32000
11220 12100 12220 32000
11210 11220 11230 12100 12220
11210 11220 12100 12220
11210 11220 12100 12220 14100 32000
11210 11220 12100 12220 14100 32000
11100 11210 11220 12100 12220 32000
11100 11210 11220 12100 12220 23000 32000
11210 11220 11230 12100 12220 14100 23000
11210 11220 11230 12100 12220 14100
11220 11230 12100 12220
11210 11220 12100 12220 14100 32000
11210 11220 12100 12220 14100 32000
11220 12100 12220 32000
11220 11230 12100 12220 14100
11220 11230 12100 12220 14100
11210 11220 11230 12100 12220 13400
11210 11220 11230 12100 12220 14100
11210 11220 11230 12100 12220 14100
11100 11220 11230 12100 12220 14100 23000
11210 11220 12100 12220 13400 14100 32000
11210 11220 12100 12220 13400 14100 32000
11210 11220 12100 12220 13400 14100 32000
11210 11220 11230 12100 12220 14100
11210 11220 11230 12100 12220 13400 50000
11210 11220 12100 12220 13400 14100 50000
11210 11220 11230 12100 12220 13400 50000
11220 11230 12100 12220 14100 14200 23000
11220 11230 12100 12220 13400 14100 23000
11220 11230 12100 12220 13400 14100
11220 11230 12100 12220 13400 14100
11220 11230 12100 12220 23000
11210 11220 11230 12100 12220 13300 13400 14100 50000
12100 12220 13100 32000
12100 12220 13100 32000
11100 11210 11220 12220 13300 13400 14200 23000 32000 33000 50000
11100 11210 11220 12100 12220 13300 13400 14200 23000 32000 50000
11220 11230 11240 12220 23000
11230 11240 12100 12220 23000
11230 11240 12100 12220 23000
12100 12220 13400
12100 12220 12400 14100
11220 11230 11240 12220 23000
11230 12220 23000 32000 50000
11220 12100 12220 13100 14100 32000
12100 12220 13400 33000
11220 11230 12220 23000
11210 11220 11230 12220 14200 33000
11210 11230 12100 12220 23000 32000
11220 12100 12220 14100 32000
11230 11240 12220 23000 50000
11210 11220 11230 12220 14200 33000
11210 12100 12220 12300 14200 33000
11210 11230 12220 23000 32000
11220 11240 12100 12220 32000
11210 11220 12100 12220 33000
11300 12220 23000 31000 33000
11300 12220 32000 33000
11240 12220 32000
11210 11230 12220 14100 32000
11230 12220 23000 32000 33000 50000
11230 11300 12220 13400 23000 33000
11230 11240 12220 13400 23000
11230 11240 12220 23000
12100 12220 23000
11220 11230 11240 12100 12220 13400 14200 23000
11210 11230 12100 12220 23000 50000
11220 11230 12100 12220 23000
12100 12220 14100 32000
12100 12220 14100
12100 12220 14100 14200
11220 12220 12400
12100 12220 12400 13400 14100
11210 11220 12100 12220 14200 33000
11220 11230 12100 12220 23000
11220 11230 12100 12220 14100 14200 23000
11220 11230 12100 12220 14100 23000
11220 11230 12100 12220 14100
12100 12220 12400 14100 14200
12100 12220 12400 14100
12100 12220 12400 13400 14100 33000
11220 11230 12220 12400
11220 11240 12220 13400 32000 33000
11220 11230 12220 13400 14200 32000 33000
12100 12220 14200 32000 33000
11230 12100 12220 12300 13400
11210 11230 12100 12220 14100 32000
12100 12220 12300 13400
12100 12220 12300 13400
12100 12220 14100 32000 50000
11300 12220 23000
11210 11220 12220 32000
11220 11240 12100 12220 13400 32000
11300 12100 12220 32000 33000 50000
11300 12100 12220 32000 33000
11220 12100 12220 12300 13400
11230 12100 12220 12300 13400
11230 12100 12220 12300 13400
11300 12220 32000 33000
11300 12220 32000
11300 12220 32000
11210 11220 12220 32000
11210 11220 12220 32000
12100 12220 32000 50000
11300 12220 32000
11220 11300 12220 32000
11220 12100 12220 14200 32000
11220 12220 14100 14200 32000
11300 12100 12220 32000
11210 11220 12100 12220 14100 32000
11300 12100 12220 32000
12100 12220 32000
12100 12220 13100 32000 33000 50000
11220 12220 14100 14200 32000
11220 12100 12220 14200 32000
11220 12220 13400 14200 32000 50000
11220 12220 14100
11220 12220 14100 14200 32000
11220 12220 14100
11220 12220 14100
11300 12220 32000 50000
11220 12100 12220 13100 32000 50000
12100 12220 13100 32000
12100 12220 13100 32000 33000
11240 12220 23000 50000
11300 12220 23000 33000
11300 12220 23000 32000 33000
11300 12220 23000 32000 50000
11220 11230 12100 12220 14100 14200 32000
11220 12220 14100
11300 12220 23000 32000
11220 11230 12220 14100 32000
11210 11220 11230 12220 14100 14200 23000 32000
11210 11220 12100 12220 14100 32000
11300 12220 23000 32000 33000 50000
11300 12220 32000
12100 12220 32000
12100 12220 13100 32000 50000
11300 12220 32000 33000 50000
11300 12220 32000
11300 12220 32000
11300 12220 23000 33000
11300 12100 12220 32000
12100 12220 32000 33000
12100 12220 14100 23000 32000 33000
11220 12100 12220 14100 23000 33000
11220 12100 12220 14100 23000 32000 33000
11300 12220 23000
11300 12100 12220 23000 32000
11220 12100 12220 14100 23000 32000
11300 12220 23000 32000
11220 12220 32000
11220 11240 12100 12220 32000
11220 12100 12220 32000
12100 12220 32000
11300 12100 12220 32000
12100 12220 32000
11300 12220 32000
11230 12100 12220 13400
11210 11220 12100 12220 13400 14200
11240 12220 23000 32000 33000
11240 12220 32000 33000
11300 12220 23000 33000
11300 12220 23000 33000
11220 11240 11300 12100 12220 33000
11240 11300 12100 12220 23000 33000
11300 12220 23000 33000
11300 12220 32000 33000
11300 12220 32000 33000
11220 11230 12220 14100 23000
11220 11230 12100 12220 14100 23000
11210 11220 11230 12100 12220 23000
11210 11220 11230 12100 12220 14200 23000
11220 11230 12100 12220 14100 14200 23000
11240 12220 13400 32000 33000
11220 11230 12100 12220 14100 23000
11210 11220 11230 12220 13400 32000
11210 11300 12220 13400 32000 33000
11240 12220 13400 32000 33000
12100 12220 32000 50000
11210 11220 11230 12100 12220 13400 32000
12100 12220 14200 32000 50000
12100 12220 13400 14200 32000 33000
12100 12220 14200 32000 50000
12100 12220 32000 50000
12100 12220 32000 50000
11210 11220 12100 12220 32000
11240 12220 23000 31000 32000
11210 11220 11230 12220 32000
11240 12100 12220 14100 23000 31000 50000
11300 12220 23000
11240 12100 12220 14100 23000 50000
11240 11300 12220 23000
11300 12220 23000 33000
11240 11300 12220 23000
11240 12220 23000
11240 11300 12220 23000
12100 12220 14100 23000 50000
11220 11240 11300 12100 12220 14100 23000 31000
11240 11300 12220 14100 23000 31000
11210 11220 11230 12220 23000 31000 50000
11210 11220 11230 11300 12100 12220 14100 14200
11210 11220 12100 12220 14100
11230 11240 12220 13400 14100 31000 32000
11300 12220 14100 23000 31000 50000
11220 12100 12220 13300 23000 32000
12100 12220 32000 33000
11240 12220 32000 33000
11300 12220 32000 33000
11300 12220 32000
11230 12220 23000
11210 11230 12220 23000 32000
11300 12220 33000
11300 12100 12220 23000
11300 12100 12220 23000 32000
11300 12100 12220 23000 32000
11240 12220 32000 33000
11240 12220 33000
11300 12220 32000 33000
11300 12220 32000 33000
11300 12220 32000 50000
11300 12220 23000
11240 12220 23000 32000 33000
11240 12220 23000 33000
11300 12220 23000
12100 12220 23000 33000
11300 12100 12220 23000 32000
11240 12220 23000 32000
11300 12100 12220 23000 32000
11240 11300 12220 23000
11240 11300 12220 23000 50000
11300 12220 23000 32000
11240 11300 12220 23000 50000
11240 12220 23000 50000
11300 12220 23000 32000
11300 12220 23000 32000
12100 12220 23000 32000
11300 12220 23000 32000 33000
11240 12220 32000 33000
11300 12220 32000
11300 12220 32000
11240 12220 32000
11240 12220 32000 33000
11240 12220 32000 33000
11240 12220 32000 33000
11240 12220 32000 33000
11240 12220 32000 33000
11240 12220 32000
11240 12220 32000
11240 12220 32000 33000
12100 12220 32000 33000
11300 12220 32000
12100 12220 32000 33000
11240 11300 12100 12220 32000
11240 11300 12220 32000
12100 12220 32000
11300 12220 32000
11300 12220 32000
11300 12220 32000
11300 12220 32000
11300 12220 32000 33000
11300 12220 32000 33000
11300 12220 32000 33000
12100 12220 32000 33000
11300 12220 33000
11240 12220 32000 33000 50000
12100 12220 23000 33000
11240 11300 12220 23000 32000 33000
11300 12220 23000 32000 50000
11240 12220 23000 32000 33000 50000
11300 12220 32000 33000 50000
11240 12220 13100 23000 32000 33000 50000
11240 12220 32000 33000 50000
11240 12220 33000 50000
12100 12220 13400 33000
12100 12220 13400
12100 12220 33000 50000
12100 12220 13400
11100 11210 11220 12220 32000 33000
11240 12220 33000
11240 11300 12220 32000 33000
11210 12220 32000 33000
11100 11210 11220 12220 32000 33000
11210 11220 12220 32000
11100 11210 12220 32000 33000
11100 11210 11220 12220 32000 33000
11210 12100 12220 32000 33000
11100 11210 12220 32000 33000
11100 11210 12100 12220 32000 33000
11240 11300 12220 33000
11210 12100 12220 32000
11210 11220 12100 12220 13400
11240 12100 12220 13400
11240 12100 12220 13400 32000
11240 12100 12220 13400 32000
12100 12220 32000 33000
11240 11300 12220 33000
11240 11300 12220 32000 33000
11240 11300 12220 32000 33000
11240 11300 12100 12220 32000 33000
11240 11300 12100 12220 32000 33000
11300 12220 32000 50000
11300 12220 23000 32000 50000
11100 11210 11220 11230 11300 12220 13300 23000
11210 11220 11230 12220 13300 23000
11210 12100 12220 13400 23000 32000 50000
11100 11210 11220 12220 23000
11210 12100 12220 13300 23000 32000
11220 11230 12220 23000 32000 50000
11240 11300 12220 23000 50000
11220 11240 11300 12220 23000 32000 50000
11230 11240 11300 12220 32000
11230 11240 11300 12100 12220 32000
11300 12220 32000
11210 12100 12220 14200 32000
11240 11300 12220 31000 32000 50000
11210 11220 12220 32000 50000
11210 11220 11230 12100 12220 13400 14100 14200 32000 33000
11220 12100 12220 13300 14100 14200 32000
11210 11220 11230 12220 13100 14200 32000 33000
11210 11220 12220 32000
11210 11220 11230 12220 13400
11210 11220 12220 13100 13400 32000
12100 12220 13400 33000
12100 12220 32000
11220 11230 12100 12220 14100 23000 32000
11300 12220 32000
11220 11230 12220 13400 14200 32000
11210 11240 12220 14200 32000
11220 11300 12100 12220 23000 32000
11220 12100 12220 14200 32000
11220 12220 32000 33000
12100 12220 14200 23000 32000
12100 12220 32000
12100 12220 13400 14200 32000 33000
11220 11230 12220 14100 32000
11220 12100 12220 32000
11220 12100 12220 13400 14200 32000 33000
11210 11220 12220 13400 32000 33000
12100 12220 13400
11210 11220 12100 12220 23000
11230 12220 14200 23000 32000
11220 12220 32000
11210 11220 12220 14200 32000 33000
11220 12100 12220 14200 32000
12100 12220 13400 33000
11210 11220 12100 12220 32000
11220 12220 14200 32000
11210 11230 12220 13400 32000 50000
11220 12100 12220 14200 32000
11210 11220 11230 12220 23000 32000 50000
11210 11220 11230 12100 12220 23000
12100 12220 13100 13300 13400
11220 11230 12100 12220 14100 23000
11210 12100 12220 32000 50000
11210 11220 12220 14200 32000
11220 12100 12220 32000
12100 12220 13400
12100 12220 14200 32000
12100 12220 14200 32000
11240 12220 13400 32000 33000 50000
12100 12220 13400
12100 12220 13400 33000
12100 12220 13400
12100 12220 13400 33000
12100 12220 33000
12100 12220 13400 33000
11210 11230 12100 12220 33000
12100 12220 13400 33000
11220 11230 12100 12220 13400 14100
11210 12100 12220 13400 32000 33000
12100 12220 13400 33000
11210 11220 12100 12220 33000
11210 11220 11230 12100 12220 13400 14100
12100 12220 13400 33000
12100 12220 33000
11210 11220 12220 13400 33000
11210 12100 12220 33000
12100 12220 13400
11220 11240 12220 33000
11220 11230 12220 13400
12100 12220 32000 50000
11300 12220 32000 33000 50000
11300 12220 32000 33000 50000
11210 11220 12100 12220 14200
11220 11230 12100 12220 13400 14100 14200 32000
11240 12100 12220 14100 14200 32000
11210 11220 12100 12220 33000
11210 11220 11230 12220 14200 33000
11210 11220 11230 12220 13400 14200 33000
11210 11220 12100 12220 14100 33000
11210 12100 12220 23000 32000
11210 12100 12220 13400 23000 32000
11240 12100 12220 14200 32000
11220 11230 12220 13400 14100 32000 33000
11220 11230 12100 12220 13400 32000 33000
11240 12220 13400 32000 33000
11220 11230 12100 12220 33000
11210 12220 32000 50000
11300 12220 23000 31000 33000
11100 11210 11220 11230 11240 12100 12220 33000
11100 11210 11230 11240 12220 33000
11210 12220 33000
11220 11230 12100 12220 13400 14100 32000
11240 12220 32000 33000
11300 12220 32000
11100 11210 11220 12220 13300 14200 32000 33000
12100 12220 33000
11300 12220 23000 33000
11210 11220 11230 11240 12220 32000
11100 11210 11220 12100 12220 13300 32000
11220 12100 12220 23000 32000
11240 12100 12220 32000 33000 50000
11220 11230 11300 12100 12220 14100
11220 11230 11300 12100 12220 14100
11210 11220 12100 12220 13400 14100 33000
11210 11220 11240 12100 12220 13400 32000
11220 11230 12220 13400 32000
11300 12220 13100 23000 32000 50000
12100 12220 32000
11210 11220 11300 12100 12220 13400 33000
11210 11220 12100 12220 13400 14100 23000 32000
11210 11220 12220 14100 32000
12100 12220 32000
11220 12100 12220 13100 13400 14100 14200 32000 33000
12100 12220 13100 13400 33000
12100 12220 13400 32000
11240 11300 12220 14200 23000 32000
11210 11220 12220 13300 13400 32000 33000
11210 11220 12220 13400
11220 12100 12220 13400
11300 12220 23000 33000
11300 12220 23000 32000 33000
11300 12220 23000 33000
11300 12220 33000
11300 12220 33000
12100 12220 23000 32000 33000
11230 11240 12220 32000
11210 11220 12100 12220 14100 23000
11240 12100 12220 33000
12100 12220 14100
11300 12220 13100 23000
12100 12220 23000 32000
11300 12220 32000
11300 12100 12220 32000
11220 12100 12220 13400
11210 11220 12100 12220 32000
11220 11230 12100 12220 14100 32000
11220 12100 12220 32000
11220 12100 12220 14100 32000
12100 12220 14100 14200
11220 11230 12100 12220 13400 14100
11220 11230 12100 12220 14100
11300 12100 12220 14100 14200
11210 11220 12220 14100 32000
11220 11230 12100 12220 14100
11220 11230 12100 12220 14100
11210 11220 12100 12220 32000
11220 11300 12100 12220 32000
11210 11220 12100 12220 32000
11210 11220 12220 32000
11210 11220 12100 12220 32000
11210 11220 12100 12220 13400 32000
11210 11220 12100 12220 13400 32000
11210 11220 12100 12220 32000
11210 11220 12100 12220 32000
11210 11230 12220 13400 14100 32000
11210 11220 12220 32000
11210 11220 11230 11240 12220 32000
11210 11220 12220 32000
11210 11220 12100 12220 32000
11210 11220 11230 11240 12100 12220 14100
11210 11220 12220 14100 32000
11210 11220 12220 32000
11230 11240 11300 12100 12220 32000
11210 11220 12100 12220 13400 32000
11210 11220 12100 12220 13400 32000
11230 12100 12220 14100 32000
11220 11230 11240 12100 12220 32000
11220 12100 12220 14200 23000 32000
11210 11220 12100 12220 32000
11210 11220 12220 13400 32000
11210 11220 12220 13400 32000
11220 11230 12100 12220 14200 23000 32000 50000
11220 12100 12220 13400 14100
11220 12100 12220 13400 14100
11210 11220 12220 32000
11220 12100 12220 32000
11210 11220 12100 12220 13400 32000
11210 11220 12100 12220 13400 14100
11210 11220 11230 12100 12220 13400 14100
11210 11220 11230 12220 13400 14100
11210 11220 11230 12100 12220 13400 14100 14200 32000
11210 11220 11230 12100 12220 13400 14100 32000
11220 11230 12100 12220 14100
11210 11220 12100 12220 14100
11210 11220 11230 12100 12220 14100
11220 12100 12220 14100 32000
11210 12100 12220 14100 32000
11220 12100 12220 14100 32000
11210 11220 11230 12100 12220 13400 14100 23000
11230 12100 12220 14100 23000
11220 11230 12100 12220 14100
11220 11230 11240 12100 12220 14100
11220 11230 12100 12220 32000
11210 11220 12220 32000
11210 11220 12220 14200 32000
11220 12220 14200 32000
11210 11220 12220 32000
11230 12100 12220 14100 14200 32000
12100 12220 32000
11100 11210 11220 12100 12220 32000
11220 11230 12100 12220 32000
11210 11220 12220 14100 32000 50000
11220 11230 12100 12220 23000 32000
11220 11230 12100 12220 23000
11220 11300 12100 12220 23000 32000
11210 11220 11230 12100 12220 13400 14100
11210 11220 11230 11240 11300 12100 12220 13400 23000 31000 32000 50000
11210 11220 11230 12100 12220 13400 23000 32000 50000
11240 11300 12220 13400 32000 33000
11220 11240 12100 12220 14100 32000
11210 11220 12100 12220 14100
11210 11220 11230 12100 12220 13400 14200 23000 32000 50000
12100 12220 13400
11210 11220 12100 12220 14100 32000 50000
11220 12100 12220 32000
11210 11220 12100 12220 14100
11210 11220 12100 12220 14100
11240 12100 12220 32000
12100 12220 23000 32000
11210 11220 11230 12100 12220 32000
11220 11230 12100 12220 13400 14100
11210 11220 11230 12100 12220 13400 14100
11210 11220 12100 12220 14100
11210 11220 12100 12220 14100
11210 11220 12100 12220 14100
11210 11220 12100 12220 14100 14200 32000
11240 11300 12220 23000 32000
11240 12220 23000 32000
11100 11220 12100 12220 14100
11220 12100 12220 14100
11210 11220 12100 12220 14100 14200
11220 11230 12220 32000
11220 11230 12100 12220 13400 14100
11220 12100 12220 14100
12100 12220 12400 13400
11210 11220 12100 12220 13400 14100
11230 12100 12220 12300 13400 14100
11100 11210 11220 11230 12100 12220 14100 50000
11210 11220 11230 12100 12220 32000
11210 11220 12100 12220 13400 14100
11210 11220 12100 12220 13400
11210 11220 11230 12100 12220 13400 14100
11210 11220 11230 12100 12220 13400 14100
11210 11230 12100 12220 13300 13400 14100 32000
12100 12220 13300 13400 14100 32000
11230 12100 12220 13400 14100
11220 11230 12100 12220 14200 32000 33000
11210 11220 11230 12100 12220 12400 13400
11220 11230 12220 12400 13400 32000
11230 12100 12220 14100
11100 11210 11230 12100 12220 12300 13400 14100 32000 50000
11210 11220 11230 12100 12220 32000
11210 11220 11230 12100 12220 32000 33000
11210 11220 11230 12100 12220 32000 33000
11220 12220 14100 32000
11220 12100 12220 23000 32000
11300 12220 32000 33000
11300 12220 32000 33000
11300 12220 23000
11240 12220 23000 32000 33000 50000
12100 12220 23000 32000
11240 12220 23000 50000
11240 12100 12220 23000 33000 50000
11300 12220 23000 33000
12100 12220 32000
11210 11230 12100 12220 12300 13400 14100 14200 32000 50000
12220 12400 33000
12220 13100 33000
12220 13100 33000
12220 13100 33000
11220 11230 12100 12220 12400 13300 13400 14100 14200 32000 33000
11300 12220 13100 23000 32000
12220 13100 33000
11240 12220 13100 23000 32000 33000 50000
12220 13100 33000
11210 11220 12220 13100 13400 14200 32000 33000
12220 13100 33000
12100 12220 13100 14200 32000 33000
12220 13100 23000 32000
11210 11220 11230 12100 12220 13100 32000
12100 12220 13100 32000 33000 50000
12220 13100 32000
12220 13100 23000 32000
11300 12100 12220 13100 23000 32000 33000 50000
11300 12220 13100 23000
12100 12220 13100 32000
12100 12220 13100 32000 33000 50000
12220 13100 33000
12100 12220 13100 14200 32000
12100 12220 13100 14200 32000
11300 12220 13100 32000 50000
12100 12220 13300 32000
11210 12100 12220 13300 13400 14100 50000
11220 11230 12100 12220 12400 13400 32000
12100 12220 13100 13300 13400 33000
11210 11220 11230 12100 12220 13300 23000 32000
11300 12220 14100 31000 50000
11220 12100 12220 13300 14100 23000 50000
11210 11220 12220 13300 32000 33000
11210 11220 12220 13400 33000
11220 12220 13400 14200 32000 50000
11220 12100 12220 13300 14100 14200 32000
11100 11210 11220 12220 13300 13400 14200 32000 50000
11100 11210 11220 12220 13300 33000
11210 11220 12220 13400 33000
12100 12220 13100 13300 13400 32000 33000
12100 12220 13400
11240 12220 13400 32000
11210 11220 12100 12220 13400 32000 33000
12100 12220 13400
12100 12220 13400
11210 11220 12220 13100 13400 33000
12100 12220 13400
12100 12220 13400 14200 32000 33000
12100 12220 13400 33000
11210 11220 12100 12220 13400 33000
11210 12100 12220 13400 23000 32000
11230 11300 12220 13400 23000 50000
11220 11230 12220 13400 14200 32000
11220 11230 12220 13400 32000
11220 11230 12100 12220 13400 14200 32000 33000
11240 12100 12220 13400 32000
11210 12100 12220 13400 33000
12100 12220 13400 33000
11210 11220 12100 12220 13400 14100
11210 11220 11230 12100 12220 13400 32000
11210 11220 11230 12220 13400 14100 32000 33000
11220 11230 12220 13400
11210 11240 12100 12220 13400 14200 32000 33000
12100 12220 13400 14200
11210 11220 12220 13400
12100 12220 13400
11210 11220 12100 12220 13400
11220 12100 12220 13400 14100 33000
11210 11220 12220 13400 14100 32000
11240 12220 13400 32000 50000
11220 12100 12220 13400
11210 11220 12100 12220 13400
11220 11230 12100 12220 13400
12100 12220 13100 13300 13400 33000
11210 11220 12100 12220 13400 32000
12100 12220 13100 13300 13400 33000
12100 12220 13400 33000
11210 12100 12220 13400
11210 11220 12100 12220 13100 13400
11210 11220 12100 12220 13100 13400 32000 50000
11210 11220 12100 12220 13100 13400 32000
11210 11220 12100 12220 13100 13400 32000
11220 11230 12100 12220 13400 32000
12100 12220 13400
11210 11220 12100 12220 13400
11220 12100 12220 13400
11220 12100 12220 13400 14100 32000
11210 11220 11230 12100 12220 14100
11220 12100 12220 13400 14200
12100 12220 13400 32000
11220 12100 12220 13400 14100 32000
11210 12100 12220 13300 13400 14100 50000
12100 12220 13400 32000
11230 12220 13400
11220 11230 12100 12220 13400 14100 32000
12100 12220 13400 32000 33000 50000
11220 11230 12220 13400
11230 11240 12220 13400 14100 31000 32000
11210 11220 11230 12220 13400 50000
11220 12220 13400 14200
11210 11220 12100 12220 13400
11220 12220 13400 14200 32000
11210 11220 12220 13400 14200
11210 11220 12100 12220 13400
11210 11220 11230 12220 13400 14100 32000
11210 11220 12100 12220 13400 14100
11210 11220 12220 13400 14100
11220 12220 13400 32000
11210 11220 11230 12100 12220 13400 14100
11210 11220 12100 12220 13400 14100
11210 11220 11230 12220 13400 32000
11210 11220 11230 12220 13400 14100 32000
11220 11230 12100 12220 12300 13400
11230 12100 12220 13400 14100
11220 11230 12100 12220 12300 13400
11210 11220 12100 12220 13400
11220 12100 12220 13400
11230 12100 12220 12300 13400
11220 12100 12220 13400
11230 12100 12220 13400 14100 32000
11220 11230 12100 12220 12400 13400 14100
11210 11220 11230 12100 12220 13400 14100
11210 11220 11230 12100 12220 13400 14100
11210 11220 11230 12220 13400 14100 32000
11220 12100 12220 13400
11210 11220 11230 12100 12220 13400 14100
11220 11230 12220 12400 13400
11230 12100 12220 12400 13400
11230 12100 12220 12400 13300 13400 14100 32000
11210 11220 11230 12100 12220 12400 13400 14100 32000
11210 11220 12220 13400 32000
11230 12100 12220 13400 23000
11210 11220 12100 12220 13400 14200
12100 12220 12400 13400 14100 33000
11230 12100 12220 13400 14100
11220 12100 12220 13400 14100
11220 11230 12100 12220 13400 14200 23000
12100 12220 12400 13400
11220 11230 12220 13400 14200 32000 33000
11210 11220 12220 13400 32000
11210 11220 12220 13400 32000
11210 11220 12220 13400
11220 11230 12100 12220 14100
11220 11240 12100 12220 13400 32000
11220 11240 12100 12220 13400 32000
11210 11220 11230 11240 11300 12220 13400 32000
11220 11230 12100 12220 13400
11220 12100 12220 13400 14100
11210 11220 11230 12100 12220 13400 50000
11220 12100 12220 13400
11210 11220 11230 12100 12220 13400 23000 32000 50000
11220 11230 11240 12100 12220 14100 14200 32000
11220 12100 12220 13400 14100 33000
11300 12220 14100 23000 32000 33000
11220 12100 12220 13400 14100 32000 33000
11210 11220 12100 12220 14100 50000
11300 14100 23000 32000
11210 11220 12100 12220 14100
11210 11220 12100 12220 14100 32000 33000
11230 11240 11300 12220 13400 14100 23000 31000 32000 50000
11220 11230 11300 12100 12220 13400 14100
11220 12100 12220 14100 14200 32000
11220 12100 12220 13300 14100
11210 11220 12100 12220 14100
11220 11230 12100 12220 14100
11220 11230 12100 12220 14100 32000 50000
11220 11230 12100 12220 14100 32000
11210 11220 11230 12220 14100 14200 23000 32000
11210 11220 11230 12100 12220 14100 23000
11210 11220 12100 12220 14100
11210 11220 11230 12100 12220 14100 14200
11210 11220 12100 12220 14100
11220 11230 11240 11300 12100 12220 13300 13400 14100 23000 31000 32000 50000
11210 11220 11230 12100 12220 14100 32000
11210 11220 11230 12100 12220 14100 32000
11220 11230 12100 12220 13400 14100
11210 11220 11230 12100 12220 14100 14200 32000
11210 11220 12100 12220 14100
11210 11220 12100 12220 13400 14100
11210 11220 11230 12100 12220 14100
11220 11230 12220 14100 32000
11210 11220 12100 12220 14100
11210 11220 11230 12100 12220 14100 32000
11210 11220 11230 12220 14100
11210 11220 11230 12100 12220 13400 14100 32000
11210 11220 12220 14100
11220 12220 14100
11220 11230 12220 14100 32000
11220 12100 12220 14100 14200
11220 11230 12100 12220 14100 14200
11220 11230 11300 12100 12220 13400 14100 14200
11220 12220 14100 14200 32000
11220 11230 12100 12220 14100
11220 11230 12100 12220 14100 50000
11220 11230 12100 12220 13400 14100 14200
11220 12100 12220 14100 14200
11210 11220 12100 12220 13400 14100
11100 11210 11220 12100 12220 14100
11100 11210 11220 12100 12220 14100 14200
11230 12100 12220 13400 14100 32000
11210 11220 11230 12100 12220 14100 50000
11210 11220 11230 11240 12100 12220 13400 14100 32000 33000
11220 11230 12100 12220 13400 14100
11220 11230 12100 12220 12400 14100
11220 11230 12100 12220 12400 14100 50000
12100 12220 14100
11210 11220 12100 12220 14100
11220 12100 12220 14100 23000 32000 33000
11210 11220 12220 14100 32000
11100 11210 12100 12220 12300 14100
11100 11210 11220 11230 12100 12220 14100 50000
11100 11210 12100 12220 14100
11220 11230 12100 12220 14100
11210 11220 12100 12220 14100
11220 11230 12100 12220 14100 14200 32000
11220 11230 12100 12220 14100
11210 11220 12100 12220 14100
11210 11220 11230 12100 12220 14100
11220 11230 12100 12220 14100
11210 11220 11230 12100 12220 14100
11220 12100 12220 14100 32000
11210 11220 12100 12220 14100
11220 11230 12100 12220 12300 14100
11210 11220 11230 12100 12220 14100
11210 11220 12100 12220 14100 32000
11220 11230 12100 12220 14100
11210 11220 11230 12100 12220 14100 14200
11210 11220 11230 12100 12220 14100 23000
11210 11230 12100 12220 14100 32000
11220 12220 13400 14100 32000
11210 12100 12220 13300 13400 14100
11210 11220 11230 12100 12220 13400 14100 14200 32000
12100 12220 14100 14200 23000 32000 50000
11210 11220 11230 12100 12220 14100
11210 11220 11230 12100 12220 14100
11210 11220 12100 12220 14100
12100 12220 14200 32000 33000
11210 11220 11230 12100 12220 14100 14200
11240 12100 14100 32000
11240 12100 14100 32000
11220 12100 12220 13400 14100
11220 11230 12100 12220 14100 23000
11210 11220 11230 12100 12220 14100
11210 11220 11230 11240 12100 12220 14100 32000
11210 11220 11230 11240 12100 12220 14100
11210 11220 11230 12100 12220 14100
11220 11230 12100 12220 14100
11100 11220 11230 12100 12220 12400 13300 13400 14100 14200 23000 32000 33000
11210 11220 11230 12100 12220 14100
11210 11220 12100 12220 14100
12100 12220 13100 14200 32000
12100 14200 32000
12100 12220 13400 14200 32000
11210 12100 12220 13400 14200 32000
12220 13100 14200 32000 33000
11220 11230 12220 14200 32000 50000
11210 11220 11230 12100 12220 13400 14100 14200 32000
11210 11220 12100 12220 12300 14200
11220 11230 12100 12220 14200 23000 32000 50000
11210 12220 13400 14200 32000
11210 11220 12100 12220 13400 14200 33000
11210 11220 12220 13300 13400 14200 32000 50000
11220 11230 12100 12220 14200
12100 12220 12300 14200 33000
11220 12100 12220 14200 23000 32000 50000
11210 11240 12100 12220 14200 23000 32000
11220 12100 12220 13100 13400 14200 32000
11220 12100 12220 13400 14100 14200 32000
11220 12220 14200 32000
11210 11220 11230 12220 14200 33000
12100 12220 12400 13300 14100 14200 32000
11210 12100 12220 14100 14200
11220 11230 12220 14100 14200 32000 50000
11210 11220 11230 12100 12220 14200 23000
11210 11220 11230 12100 12220 14200 33000
11220 12100 12220 13100 14200 32000 33000 50000
11210 11220 11240 12220 13100 13400 14200 32000 33000
11230 12100 12220 14200 23000
12220 14200 23000 32000 33000
11210 11220 11230 12220 14100 14200 23000 32000
11220 11230 12100 12220 14200 23000 32000 50000
11220 11230 12100 12220 14100 14200
11220 12100 12220 14200
12100 12220 12400 13300 14100 14200 32000
11220 11230 12100 12220 14200 32000
12220 12300 14100 14200 32000 50000
12100 12220 14200 32000
11230 12220 14200 32000 50000
11220 11230 12220 13400 14200 23000
11100 11210 11220 12100 12220 14100 14200
11210 11220 12100 12220 14100 14200
11220 11230 12100 12220 14200 23000
11220 11230 12100 12220 14100 14200
11220 12100 12220 13400 14100 14200 32000 50000
11220 12220 14100 14200 32000 50000
11210 11220 11230 12100 12220 13400 14200 32000 33000
11220 12100 12220 14200 32000 33000
11220 12100 12220 14200 32000 33000
11100 11210 12100 12220 12300 13400 14100 32000
11210 11220 12100 12220 14200
11220 12100 12220 14200 23000 32000
12100 12220 14200 32000 50000
11210 11220 12220 13400 14200
11210 11220 11230 12100 12220 14100 14200 23000
11220 11230 12100 12220 14100 14200 23000
11220 11230 12100 12220 14100 14200 32000 50000
11220 12100 12220 13300 13400 14100 14200 32000
11210 11220 11240 11300 12100 12220 14200 32000
11220 11230 12100 12220 14200 33000
11220 11230 11240 12220 23000
12100 23000 33000
11300 12100 23000 33000
11240 11300 12220 13100 23000 32000 33000 50000
11220 11240 11300 12100 12220 23000 50000
11300 12100 12220 23000 32000 33000
11240 11300 12100 12220 23000 32000 33000
11220 11230 12100 12220 14100 23000 32000
11210 11220 11230 12100 12220 14100 14200 23000 31000 32000 50000
11300 12220 23000 32000 50000
11100 11210 11220 11230 12100 12220 23000 32000 50000
11230 11300 12220 13400 23000 50000
11210 12100 12220 13400 23000 32000
11300 23000 32000
11220 11230 12100 12220 14200 23000 32000
11300 12100 12220 13100 23000 32000
11300 12220 13100 23000 31000 32000 50000
11210 11220 11230 11300 12100 12220 13400 14200 23000 32000 50000
11220 11230 12100 12220 13400 14200 23000
11230 12100 12220 14200 23000
13400 23000 50000
11210 11220 11230 12100 12220 13400 23000
11300 23000 32000
11300 12220 13100 23000 32000 33000 50000
11300 12220 13100 23000 32000 50000
11230 12100 12220 23000
11240 12220 23000 32000 50000
11210 11220 11230 11240 11300 12100 12220 13400 14200 23000 32000 50000
11240 11300 12220 13300 23000 31000 32000 50000
11300 12220 13300 23000 31000 32000 50000
11300 12220 23000 32000
11240 11300 12220 23000 32000 33000 50000
12100 23000 33000
11240 11300 12220 23000 50000
11300 12220 23000 33000
11220 11230 11300 12100 12220 13400 23000 32000 33000 50000
11300 23000 33000
12220 23000 33000
11300 23000 32000
11300 23000 32000
12100 23000 32000
11240 11300 12220 23000 32000 33000 50000
11300 23000 32000
11210 11220 12100 12220 23000
11210 11220 11230 11240 12100 12220 14200 23000 32000 33000
12100 12220 14100 23000 32000 33000
11230 11240 11300 12100 12220 23000 32000 33000 50000
11300 23000 50000
11300 23000 50000
11300 23000 33000
11300 12220 23000 33000 50000
12100 12220 23000 33000 50000
11240 11300 12100 12220 23000 32000 33000 50000
12100 23000 32000
11220 12100 12220 14100 23000 32000
12100 12220 23000 33000
11300 12220 23000 32000
12100 23000 32000 33000
11220 11240 11300 12100 12220 23000 32000 33000
11300 12100 23000 32000
11300 12100 23000 32000
11300 23000 32000
11240 11300 12100 12220 23000 32000 33000
11300 12100 12220 23000 33000
11300 23000 32000
11240 11300 12100 23000 32000
12100 12220 23000 32000
11300 12100 12220 23000 32000
11240 12100 23000 32000 50000
11240 12100 23000 32000 50000
11300 12100 12220 23000 32000 33000
12100 23000 33000
11300 12100 12220 23000 32000 33000 50000
11300 12100 12220 23000 32000
11300 12100 12220 23000 32000 33000
12100 12220 23000 32000 33000
11300 23000 32000
11240 11300 12100 12220 23000 32000 33000 50000
11240 12100 23000 32000 50000
12100 12220 23000 32000 33000
11300 12100 12220 23000 32000 33000
11300 23000 32000
11300 12100 12220 23000 32000 33000 50000
12100 23000 32000
11300 12100 12220 23000 32000 33000 50000
12100 12220 23000 32000 33000 50000
11300 12220 23000 32000 33000
12100 23000 33000
11300 12100 12220 23000 32000 33000
11300 12220 23000 33000
12100 12220 23000 32000 50000
12100 23000 32000 50000
12220 23000 32000 33000
11300 12220 23000 32000 33000 50000
12220 23000 32000
11230 11300 12100 23000 32000
11230 11300 23000 32000
11300 23000 32000
11300 12220 13100 23000 33000
11240 11300 12100 12220 23000 32000 50000
11240 12220 23000 50000
11240 11300 12100 23000 32000
11240 11300 12100 12220 23000 32000 33000
11240 11300 12100 23000 32000
11240 23000 32000
11240 23000 32000
11240 23000 32000
12100 23000 32000
12100 23000 32000
11300 23000 32000
11300 12220 23000 33000
11300 12220 23000 33000
11300 12220 23000 32000 33000
11240 11300 12100 12220 23000 32000 50000
11240 23000 32000 50000
11240 23000 50000
12100 12220 23000 32000 33000
12100 12220 23000 32000 33000
11300 23000 33000
11300 12220 23000 33000
11240 12220 23000 32000 33000
11300 12100 23000 32000 33000 50000
11240 11300 12220 23000 32000 33000
11220 11230 11240 11300 12100 12220 23000 33000
11230 11240 12100 12220 23000 33000
11220 11240 12100 12220 23000 33000
11230 11300 12100 12220 23000 32000 33000
11210 11240 12100 12220 23000 32000 33000 50000
11300 23000 32000
11210 11220 11230 11240 11300 12100 12220 13300 14100 23000 31000 32000 50000
11210 12100 12220 13400 23000
11210 11220 12100 12220 23000
11300 12220 23000 32000 33000
11300 12220 14100 23000 31000 32000 33000
11230 12100 12220 23000 32000 33000
11300 12220 23000 32000
11300 12220 23000 32000 33000
11300 23000 32000
11210 11230 12220 23000 32000
11220 11230 12100 12220 14100 14200 23000 31000
12220 14200 23000 32000 33000
11220 11240 11300 12100 12220 14200 23000 31000 32000
11220 11230 12100 12220 14100 14200 23000 32000
11220 12100 12220 13300 23000 32000
12100 12220 13300 14100 23000 32000 50000
11220 11230 12100 12220 14100 23000
12220 14200 23000 32000 33000
11210 11220 11230 12100 12220 14100 14200 23000
11210 11220 11230 12100 12220 23000
11210 11220 11230 12100 12220 14200 23000
11240 11300 12220 13300 23000 31000 32000 33000 50000
11300 23000 32000
11240 11300 12220 23000 31000 32000
11300 12220 23000 31000 32000
12220 31000 32000 33000
12220 31000 32000
12220 31000 32000
11300 12220 31000 32000 50000
11220 11230 11240 12100 12220 13400 14100 31000 32000
12100 12220 31000 32000
11300 12100 12220 31000 32000
11300 12220 23000 31000 33000
11230 11300 12220 31000 32000
11230 11300 12100 12220 31000 32000 50000
11230 11300 12100 12220 31000 32000
12220 23000 31000 32000 50000
11300 33000
11230 11240 11300 12220 14100 23000 31000 32000 50000
11240 11300 12220 23000 31000 32000
11240 11300 12100 12220 14100 23000 31000 50000
12220 31000 32000
12220 31000 32000
12220 31000 32000
12220 31000 32000
12220 31000 32000
12220 31000 32000
12220 31000 32000 33000
11220 11230 12100 12220 14200 23000 32000
12100 12220 13100 23000 32000 50000
12100 12220 23000 32000 50000
11300 32000 50000
11300 32000 50000
12100 12220 13400 14100 32000
11220 12100 12220 14200 23000 32000
11220 12220 32000
12100 12220 13100 32000 33000
11220 12100 12220 13100 32000
12100 12220 12400 13300 13400 14100 14200 32000
11210 11220 12100 12220 13400 32000
11210 11220 11230 12220 13400 32000 50000
12100 12220 32000 33000 50000
11220 12100 12220 14200 23000 32000
11220 12100 12220 14200 23000 32000
11300 12100 12220 13100 23000 32000 33000 50000
11210 11220 12100 12220 13400 14100 32000 50000
11210 11220 12100 12220 13400 32000 50000
11300 12220 32000 33000
11220 12220 14100 14200 32000 50000
11240 12100 12220 23000 32000
11220 12220 14200 32000
11210 11220 11240 12100 12220 14100 32000
12220 23000 32000 33000
11210 11220 12100 12220 32000
11230 11300 12220 32000 33000
11210 11220 11230 11240 12100 12220 32000
11210 11230 11240 12100 12220 32000
11210 11220 11230 11240 12100 12220 14100 32000
11300 32000
11220 12100 12220 32000
11220 12100 12220 13400 14200 32000 50000
11220 11230 12100 12220 14200 23000 32000 50000
11210 11220 12100 12220 32000
11220 12100 12220 32000
11300 12100 12220 32000 33000 50000
11240 11300 12100 12220 32000 33000
11210 11220 12100 12220 32000
11210 11220 11230 12100 12220 14100 32000
11220 11300 12220 14100 14200 32000
11210 11220 11230 12220 32000
11220 11230 12220 32000
12220 13100 23000 32000 33000 50000
11210 11220 12100 12220 32000
11210 11220 12100 12220 14100 32000
11220 12100 12220 13400 14200 32000 50000
11220 11230 11240 11300 12100 12220 14200 32000 50000
11210 11220 12220 14100 32000
11210 11220 12100 12220 13400 32000
11210 11220 11300 12100 12220 13400 32000
11210 11220 12100 12220 32000
11210 11220 11230 12100 12220 14100 32000
11240 11300 12100 12220 32000 33000
11210 11220 12100 12220 32000
11210 11300 12100 12220 13100 23000 32000 33000 50000
11210 11220 11230 11300 12100 12220 13400 14100 14200 23000 32000 50000
11240 11300 12220 23000 32000 33000
11220 12100 12220 14100 14200 32000
12220 32000 33000
11300 12220 32000 33000
11210 11220 12100 12220 14100 32000
11240 11300 12220 23000 32000 33000
11230 12100 12220 23000 32000
11240 12100 12220 13400 14200 23000 32000 33000 50000
11210 11220 12100 12220 13100 14100 32000
11220 11230 12100 12220 13400 14200 23000 32000 33000 50000
11210 11230 11300 12100 12220 31000 32000
11240 11300 12220 23000 31000 32000 50000
11220 12220 13400 14200 32000
11300 12220 13100 23000 31000 32000 50000
11300 12220 32000 33000
11220 11230 12100 12220 14100 14200 32000
11300 12220 23000 32000 33000 50000
11210 11240 11300 12220 13400 32000 33000
11210 11220 11300 12100 12220 13400 23000 31000 32000 50000
11210 11220 11230 12100 12220 13400 23000 32000 50000
11220 12100 12220 32000
11210 11220 12100 12220 14100 14200 32000
12100 12220 14100 14200 32000 50000
11100 11210 11220 11230 11240 11300 12100 12220 14100 23000 32000
11240 12220 32000
11210 11230 11240 11300 12220 14100 23000 32000 33000 50000
12100 12220 12300 14100 14200 32000 50000
11210 11220 11230 11240 11300 12100 12220 13400 14200 23000 31000 32000 33000 50000
11210 11220 12100 12220 13400 32000
11210 11220 11230 12100 12220 13400 14100 32000
12100 12220 14200 32000 33000 50000
11210 11220 12100 12220 32000
11210 11220 12100 12220 14100 14200 32000
11210 11220 12220 32000
11220 11230 12100 12220 32000
11210 11220 12220 32000 33000
11210 11220 11300 12100 12220 32000
12220 31000 32000 33000
23000 32000 50000
12220 31000 32000 33000
11300 12100 12220 31000 32000 33000 50000
12100 12220 32000 33000
11220 11230 11300 12100 12220 13400 14200 32000 33000 50000
11240 11300 12220 13100 23000 32000 33000 50000
11300 32000 33000
11210 11220 11230 11300 12100 12220 13100 13400 14100 32000 33000 50000
11300 12220 23000 32000 33000 50000
11300 32000 33000
11300 12220 32000 50000
12100 12220 14100
11300 12100 12220 23000 31000 32000 33000 50000
11300 12100 12220 32000 50000
11300 12100 12220 32000 50000
11220 12220 14200 32000 33000
11240 12220 13100 23000 32000 33000 50000
11300 12100 12220 14200 23000 31000 32000 50000
12220 31000 32000 33000
11240 11300 12100 12220 23000 31000 32000 33000 50000
12220 13100 32000 33000
11240 11300 12100 12220 32000 33000 50000
11300 12100 12220 32000 33000 50000
11210 11220 11230 11240 11300 12100 12220 14200 31000 32000 33000 50000
11210 12100 12220 32000 33000
11300 32000 50000
11300 12220 32000 33000 50000
11240 11300 12100 12220 14100 14200 32000
12220 13400 32000 33000
11240 11300 12220 32000 33000 50000
12220 32000 33000
11230 12220 14100 14200 23000 32000
11240 11300 12220 32000 33000
12220 31000 32000 33000
11240 11300 12220 32000 33000
12220 31000 32000 33000
11240 12220 13100 23000 32000 33000 50000
11210 11220 12220 14100 32000 33000
11220 11230 11300 12220 32000 50000
11220 11300 32000 50000
11210 12100 12220 14200 32000
11210 11220 11230 12100 12220 14100 14200 32000
11210 11220 12100 12220 32000 50000
11210 11220 12100 12220 23000 32000 50000
11210 11300 12220 23000 32000 33000 50000
12100 32000 33000
11300 12100 12220 23000 32000 33000 40000 50000
11220 11230 12100 12220 13400 14100 14200 32000 33000
11230 12100 12220 14200 23000 32000 50000
11210 12100 12220 23000 32000
11210 11220 12100 12220 32000
11210 11220 12100 12220 13300 14200 23000 32000
11210 11220 12220 32000
12100 12220 32000 33000
11210 11220 12100 12220 13100 13400 14200 23000 32000 33000 50000
11220 12100 12220 14200 32000 33000
11210 11220 11230 11300 12100 12220 13400 14100 14200 23000 31000 32000 33000 50000
11210 11220 11230 11300 12100 12220 13100 13400 14200 23000 32000 33000
11210 11220 12100 12220 32000
11220 11230 12100 12220 13100 23000 32000
11210 11220 11230 11240 12100 12220 13400 14100 14200 23000 32000 33000 50000
11220 11230 12220 14200 32000
12220 32000 33000 50000
11220 12100 12220 23000 32000 33000
11210 11220 11230 12100 12220 14200 23000 32000 50000
11100 11210 11220 12220 32000 50000
11240 11300 12220 13400 32000 33000 50000
11240 12220 32000 50000
11240 11300 12100 12220 32000 33000
11220 11230 12220 23000 32000 33000
11220 12220 23000 32000
11210 11220 12100 12220 13400 32000
11210 11220 11230 12100 12220 14100 14200 32000
11240 12220 13400 32000 50000
11300 12220 32000 33000
11210 11220 11240 12100 12220 13400 32000
11210 11220 11240 12100 12220 13400 14200 32000
11210 11220 11230 12100 12220 14100 14200 23000 31000 32000 50000
11210 11220 11230 12100 12220 14100 31000 32000
11210 11220 11230 12100 12220 14100 32000
11210 11220 12100 12220 32000 50000
11210 11220 12220 13300 13400 32000 50000
11220 12220 14200 32000
11210 11220 12100 12220 32000
12100 12220 14200 32000
11230 11240 12100 12220 13400 14100 32000
11100 11210 12220 13300 13400 14200 32000 50000
11210 12100 12220 32000
11210 12100 12220 32000
11210 11220 12100 12220 13400 32000
11220 12100 12220 13300 13400 14200 32000
11240 11300 12100 12220 14200 23000 32000 33000
11240 12100 12220 13400 32000
11210 11220 12100 12220 13300 13400 14200 23000 32000 50000
11240 11300 12100 12220 13400 14200 32000
11210 11220 12100 12220 32000
11210 11220 11240 12100 12220 13300 13400 14200 23000 32000 33000 50000
11220 12100 12220 23000 32000
11220 12220 32000
11220 11300 12100 12220 14200 32000
12100 12220 13400 32000
11210 11220 11230 12100 12220 32000
13100 23000 32000 33000
11230 12220 13100 32000 33000
11300 12100 12220 32000 33000 50000
12220 14200 23000 32000 33000
11210 11220 11230 11240 11300 12100 12220 23000 32000 33000
12220 32000 33000 40000 50000
11300 12220 32000 50000
11240 11300 12220 13100 23000 31000 32000 33000 50000
23000 32000 50000
11300 12220 32000 50000
11210 11220 11230 11240 11300 12100 12220 23000 31000 32000 33000
11210 11220 11230 11300 12100 12220 14100 23000 31000 32000
12100 12220 32000
11300 12220 23000 32000 33000
11210 11220 12100 12220 13400 14200 32000 33000 50000
11220 11230 12100 12220 13400 14200 32000 33000
11210 11220 11230 12100 12220 13400 14200 32000 33000
11240 12220 32000 33000
11300 12100 12220 23000 32000 50000
11220 12100 12220 23000 32000
12100 12220 23000 32000 33000
11300 32000 33000
11300 12100 12220 32000 33000 50000
11300 32000 33000
11240 11300 12220 23000 32000 33000 50000
11220 12100 12220 23000 32000
11220 12100 12220 14100 23000 32000
11240 11300 12100 12220 23000 32000
11240 23000 32000
12220 23000 32000 33000
11300 12100 12220 23000 32000 33000 50000
11220 11230 11240 11300 12100 12220 13100 13300 14100 23000 32000 33000
11300 12100 23000 32000 33000
12100 23000 32000 33000
11240 11300 23000 32000
12220 32000 33000
11300 12100 12220 23000 32000 33000
11240 12220 32000
11240 11300 12220 32000
12100 23000 32000 50000
12100 12220 32000
12100 23000 32000 33000 50000
11300 12100 12220 32000 33000
12220 23000 32000 33000 50000
12220 23000 32000
12100 12220 23000 32000 33000 50000
11300 12100 12220 23000 32000
11300 12100 12220 13100 32000 33000
11300 12100 12220 13100 23000 32000 33000
11300 12220 32000
11240 11300 12100 12220 23000 32000 33000 50000
11210 11220 12220 13300
12220 32000 33000
11300 12220 32000 33000
11300 12220 13100 23000 32000
11220 11230 11240 12100 12220 12400 13400 32000 33000
12100 12220 13100 23000 32000
12100 12220 32000 33000
11300 12100 12220 32000
11220 11230 12220 12400 13400 32000
11220 11240 12100 12220 32000 33000
11300 12100 12220 23000 32000 50000
11300 12100 32000 50000
11210 11220 11230 11240 12100 12220 13400 14100 32000 33000
11100 11210 11230 11300 12100 12220 12300 13400 32000 33000 50000
11300 32000
12100 32000
11300 12100 12220 13100 23000 32000 33000 50000
12100 12220 32000 33000 50000
11240 11300 12100 12220 13100 23000 32000 33000 50000
32000
12100 12220 13400 33000
11240 12220 23000 32000 33000 50000
11300 23000 33000 50000
11240 11300 12100 12220 23000 32000 33000
11300 12220 23000 32000 33000 50000
12300 14200 33000
11220 11240 12100 12220 14100 33000
12100 12220 12400 13400 14100 33000
11210 11220 12100 12220 13400 33000
12220 32000 33000
11300 12100 12220 13100 32000 33000 50000
12100 12220 32000 33000 50000
11300 12220 32000 33000 50000
11210 12100 12220 33000
11210 12100 12220 33000
11230 11300 12220 23000 32000 33000 50000
11210 11230 12100 12220 13400 33000
11100 11210 11220 12220 13400 14100 32000 33000
12100 12220 13100 13400 14200 33000
12100 12220 13400 33000
11220 11240 12100 12220 32000 33000
11210 11220 12100 12220 14200 33000
11210 11220 12220 14200 33000
11210 11220 11230 12220 14200 33000
11220 12100 12220 13100 13400 14200 32000 33000
11210 11220 12220 14200 32000 33000
11220 12220 13400 14200 33000
11220 12100 12220 14200 33000
12100 12220 13100 14200 32000 33000
11210 11220 12100 12220 14200 33000
13100 33000
11210 11220 12220 14200 33000
11220 12100 12220 14200 32000 33000
11210 11220 11230 12100 12220 13400 14200 33000
12100 12220 13400 33000
11220 11230 12100 12220 14200 33000
11210 11220 11300 12100 12220 13400 14100 33000
11210 11220 12220 33000
11210 11220 12220 33000
12100 12220 13100 13300 13400 32000 33000 50000
11210 11220 12100 12220 33000
11210 11220 12100 12220 33000
11220 11230 12220 33000
11210 11220 12220 13300 13400 32000 33000
11210 11220 11300 12100 12220 23000 33000
11100 11210 11220 11230 11240 12100 12220 33000
11210 11220 11230 12100 12220 33000
11300 12220 23000 32000 33000
11210 11220 11230 12220 13400 33000
11210 11220 11230 11300 12100 12220 13100 23000 31000 32000 33000
11210 11220 12100 12220 33000
11100 11210 11230 11240 11300 12220 32000 33000
11240 12100 12220 13400 23000 32000 33000 50000
12100 12220 14200 32000 33000 50000
11240 12100 12220 33000
11300 12220 23000 31000 32000 33000
11100 11210 11240 11300 12100 12220 13300 13400 23000 32000 33000
11240 11300 12220 14200 23000 32000 33000
11300 12100 12220 12400 13100 33000 50000
11210 11220 11240 11300 12220 23000 32000 33000
11240 11300 12100 12220 12400 13100 23000 32000 33000 50000
11300 33000 50000
11300 32000 33000 50000
11210 11220 11230 12100 12220 12300 32000 33000 50000
11240 11300 12100 12220 32000 33000
11100 11210 12100 12220
11240 11300 12100 12220 12400 13100 14200 23000 31000 32000 33000 50000
12100 12220 13100 32000 33000
11240 12220 33000
11240 11300 12220 32000 33000
11300 12100 12220 32000 33000 50000
11300 12220 13100 23000 32000 33000 50000
23000 32000 33000
11240 11300 12100 12220 32000 33000
11240 11300 12100 12220 13100 23000 32000 33000 50000
11210 11220 12100 12220 13100 13400 32000 33000
12220 31000 32000 33000
11240 11300 12220 32000 33000 50000
11240 11300 12100 12220 32000 33000
11300 12100 12220 32000 33000
11240 11300 12100 12220 23000 32000 33000 50000
11300 12100 12220 23000 32000 33000 50000
11210 11220 11230 12100 12220 13400 14200 32000 33000
11240 11300 12100 12220 23000 32000 33000 50000
11210 11220 11240 12220 13400 14100 32000 33000
12100 32000 33000
11240 12100 12220 23000 32000 33000 50000
11240 12100 12220 23000 33000 50000
11240 11300 12100 12220 23000 32000 33000 50000
11240 12100 12220 23000 33000 50000
32000 33000
12100 12220 32000 33000 50000
11300 12100 12220 13100 23000 32000 33000 50000
11300 12100 12220 32000 33000
11300 23000 33000 50000
12100 12220 14100 23000 32000 33000
11240 11300 12100 12220 23000 32000 33000 50000
32000 40000 50000
12220 32000 40000 50000
33000
11220 12100 12220 14100
11300 12220 33000 50000
12220 14200 23000 31000 32000 50000
12220 23000 31000 32000 50000
11240 11300 12220 13100 23000 32000 33000 50000
11230 11300 12100 12220 13400 14200 23000 32000 50000
12220 33000 50000
11300 32000 50000
11300 12220 31000 32000 50000
11240 11300 12220 13100 23000 32000 33000 50000
11240 11300 12100 12220 23000 31000 32000 33000 50000
11300 32000 50000
12220 32000 33000 50000
11300 12220 23000 31000 32000 50000
11300 12100 12220 32000 33000 50000
11210 11220 11230 11240 11300 12220 13400 23000 32000 50000
11210 11220 12100 12220 14100 50000
11210 11220 11230 12100 12220 13400 14200 23000 32000 50000
32000 33000 40000 50000
11240 11300 12220 13400 32000 33000 50000
11240 11300 12220 32000 33000 50000
11100 11210 11230 12100 12220
11220 12100 12220 23000 32000 33000 50000
12100 12220 23000 32000 33000 50000
11220 12220 12400 13400 32000
11300 12100 12220 13300 14100 23000 31000 32000 50000
11300 12220 23000 32000 50000
11300 12220 23000 31000 32000 50000
32000 33000 50000
11220 11230 12100 12220 14100 14200 23000 31000 32000 50000
32000 33000 40000 50000
11220 12100 12220 13300 13400 14200 32000
11210 11240 12100 12220 13300 13400 14200 23000 32000 50000
11210 11240 12220 32000 50000
11240 11300 12100 12220 13400 23000 32000 50000
11210 11220 11230 12100 12220 12400 14100 50000
11210 11220 11230 12220 14100 50000
11100 11210 11220 11230 12100 12220 14100 50000
12100 12220 13400 14200 23000 32000 33000 50000
12100 12220 13100 32000
11300 12220 13300 23000 31000 32000 50000
12220 13300 23000 50000
11210 11240 11300 12220 13100 23000 32000 33000 50000
11210 11220 11230 12100 12220 13400 23000 31000 32000 50000
11230 12220 14200 32000 50000
33000 50000
11300 12220 23000 32000 33000 50000
11240 11300 12100 12220 23000 32000 33000 50000
11210 11220 11230 12220 32000 50000
11300 12100 12220 32000 50000
12220 32000 33000 50000
12220 13100 32000 50000
11100 11210 12100 12220
11300 12100 12220 23000 32000 33000 50000
11220 11300 12100 12220 13100 13400 14200 23000 32000 33000 50000
12100 12220 13400 33000
11220 12220 14200 32000
11210 11220 11230 12220 13400 32000
11210 11220 12220 13400 32000 50000
11210 11220 12100 12220 13400
11100 11210 11220 12220 13300 14200 32000
11210 11220 12100 12220 14100
11210 11220 11230 12100 12220 32000
11210 11220 11230 12100 12220 14100
12100 12220 13400 23000 32000
11210 11220 11230 12220
11220 12100 12220
11210 11220 12100 12220
11100 12100 12220 32000
11240 11300 12100 12220 32000 33000
11210 12100 12220 12300 14200
12100 12220 13400 33000
11210 11220 12100 12220 33000
11210 11220 11230 12100 12220 33000
11210 11220 11230 12100 12220 33000
11210 11220 12100 12220 14100
11220 12220 13400 14200 32000
11210 11220 11230 12100 12220 13400 14200 33000
11210 11220 12100 12220 13400
11210 11220 12100 12220 14100 50000
11210 11220 12100 12220 13400 33000
11210 11220 12100 12220 13400 33000
11220 11230 12100 12220
11210 11220 12100 12220 33000
11220 11230 12100 12220 14100
11210 11220 12100 12220 14200
11210 12100 12220 23000
11210 11220 11230 12100 12220
11210 11220 11230 12100 12220 13400 14200 32000
11210 11220 12100 12220 14100
11210 11220 11230 12100 12220 13400
11210 11220 12100 12220
11220 11230 12100 12220 13400 23000
11220 12100 12220
11220 11230 12100 12220 32000
11210 11220 11230 12100 12220 14100 14200 32000
11210 12100 12220
11210 11220 12100 12220 32000
11210 11220 12220
11220 11230 12100 12220 14200 32000
11220 12100 12220
11220 12100 12220
11210 11220 11230 12100 12220 14100 14200 32000
11210 11220 11230 12100 12220 13400 14100 32000
11210 11220 11230 12220
12100 12220
11210 11220 12100 12220 14100
11210 11220 12100 12220 13400 14200 32000
11210 11220 11230 12220 32000
11220 12100 12220
11100 11210 11230 12100 12220 13400 32000 50000
11100 11220 12220
11210 11220 11230 12100 12220 14100
11100 11210 11230 12100 12220 32000 50000
11100 11210 11230 12100 12220 32000 50000
11210 11220 11230 12220
11210 11220 11230 12220 14100 14200
11210 11220 11230 12220 14100 14200
11210 11220 11230 12220
11210 11220 11230 12220
11220 12100 12220 14200
11210 11220 12100 12220 14100 23000
11100 11210 11230 12100 12220 32000 50000
11220 12100 12220 14100
12100 12220
12100 12220 13400 32000 33000
11100 11210 12220 32000 33000
11100 11210 12100 12220
11220 12100 12220 32000 33000
11210 11220 12100 12220 32000
11100 11210 12100 12220 32000 50000
12100 12220 12300
11210 11220 11230 12100 12220 14100
11210 11220 12100 12220 13400 14100
11220 12220 23000
11220 12100 12220 23000
11220 11230 12100 12220 23000
11220 11230 12100 12220
11100 11210 11220 12100 12220
11100 11210 11220 12100 12220
11220 11230 12100 12220 12300 14100 32000 50000
12100 12220 14100 32000 50000
11230 12100 12220 12300 14100 32000 50000
11210 11220 11230 12220 13400
11210 11220 11230 12100 12220 32000
11210 11220 12100 12220 32000
11220 11230 12100 12220 14100
11100 11210 11220 12100 12220 14100 50000
11210 11220 12100 12220 13100 14100 32000
11220 12100 12220 14100 23000 32000
11210 11220 11230 11240 12100 12220 14100
11210 11220 12100 12220 14100
11210 11220 12100 12220 14100
11210 11220 12100 12220 12300 13400 14100
11100 11210 12100 12220 14100 14200
11210 11220 12100 12220 14100
11210 11220 11230 12100 12220 12300 13400
11210 11220 11230 12100 12220 14100
11210 11220 11230 12100 12220 14100
11210 11220 11230 12220
11100 11210 11220 11230 12100 12220
11100 11210 11220 11230 12100 12220
11100 11210 11220 12100 12220
11100 11210 12100 12220 14100
11100 11210 12100 12220
11210 11220 12100 12220 32000
12100 12220 12300 32000 50000
11100 11210 11220 12100 12220 14100
11100 11210 11220 12100 12220
11100 11210 11220 12100 12220 14200
11100 11210 12100 12220 14100 14200
11100 11210 11220 12100 12220
11210 11220 12100 12220 14100
11220 11240 12100 12220 13400 14100 32000 33000
11210 11220 11230 12100 12220 14100
11210 11220 11230 12100 12220 13400 14100
11100 11210 11220 11230 12100 12220 14100 50000
11210 11220 11230 12220 13400 14100 32000
11210 11220 12100 12220 33000
11210 11220 12100 12220
11100 11210 11220 12100 12220
11210 11220 12100 12220
11210 11220 12220 13400 32000
11210 11220 12100 12220 13400 14200 32000 33000
12220 13100 32000
11210 11220 12100 12220 13400 32000 33000
11210 11230 11300 12220 13400 32000
11230 12100 12220 12300 13400 32000 50000
11220 12100 12220 14100 14200
11210 11220 11230 12100 12220 14100 50000
11210 11220 11230 12100 12220 13400 14100 14200 32000
11220 12100 12220 13400 14100 32000
11220 12100 12220 13400 14100 32000
11240 12100 12220 23000 33000 50000
11210 11230 11240 12100 12220 14100 14200 32000
11210 11220 12100 12220 14200 32000
11230 11300 12220 14200 23000 32000 50000
11210 12100 12220 32000 33000
11240 11300 12100 12220 23000 32000 33000 50000
12100 32000
12220 32000
11300 12220 23000 32000 33000
12100 32000
12100 32000
12220 23000 32000
12220 13100 23000 32000
11210 11220 12100 12220 13400 14100 32000 33000
12100 12220 14200 33000
12220 32000 33000
12220 33000
12100 12220 32000 33000
12220 12400 33000
11300 12220 23000 32000 33000
11240 12220 32000 33000
11240 12220 32000 33000
11240 11300 12220 32000 33000
