11100 11220 12100 12220 12230 14100 23000
11210 11220 11230 11240 11300 12100 12220 12230 21000 22000 23000 31000 32000 50000
11100 11210 11220 11230 12100 12220 12230 13300 13400 14100 23000 31000 32000 50000
11100 11210 11220 11230 11240 11300 12100 12220 12230 13100 13300 13400 14100 14200 21000 23000 31000 32000 33000 50000
11100 11210 12100 12220 13400
12100 12220 13400 14100
11210 11220 11230 12220 12230 13400 14100 23000
11210 11230 12100 12220 13300 23000 32000
11210 11220 11230 12100 12220 33000
11220 11230 12100 12220
11210 11220 12100 12220 13400 14100
11210 11220 11230 11240 12100 12220 13400 21000 23000 33000
11210 11220 12100 12220 13400 14100
11210 11220 12100 12220 13400 14100
11230 11240 12100 12220 13400 21000 23000
11210 11230 12100 12220 23000 31000 32000
11210 11230 12100 12220 23000 32000
11210 11220 12220 14100 50000
11210 12100 12220 12230 13400 14100
11210 12100 12220 12230 14100
11100 11210 11220 11230 12220 14100
11100 11210 11220 12220 14200
11100 11210 12220
11100 11210 12220 14100
11100 11210 12100 12220
11210 11220 12220 14100 14200
11100 11210 11220 11230 12220 14100
11100 11210 11220 11230 12220 14100
11100 11210 11220 11230 12220 23000
11100 11210 12100 12220 14100 14200
11100 11210 12220 14100 50000
11210 11230 12100 12220 13400 23000 32000
11100 11210 12220 14100
11100 11210 12100 12220 14100 14200
11100 11210 11220 11230 12220 14100
11100 11210 12100 12220 14100
11100 11210 12220
11100 11210 11220 12220
11100 11210 11220 11230 12220 14100 14200
11100 11210 12100 12220 14200
11100 11210 12100 12220 14100
11210 11220 11230 11240 12100 12220 13400 21000 23000 33000
11210 11220 12100 12220 14100 23000
11100 11210 12220 14100
11100 11210 12100 12220 14100
11100 11210 12100 12220
11100 11210 12100 12220 14100 14200
11100 11210 12100 12220 14100 23000 33000 50000
11100 11210 12220 14200
11100 11210 12220 14100
11100 11210 12100 12220 13400 23000
11100 11210 11220 12100 12220 13400 14100
11220 11230 12220
11210 12100 12220 23000 32000
11210 11220 12220 14100
11210 11220 12220 12230 13400
11210 11220 11230 12100 12220 12230 13400 14100
11210 11220 11230 12220 14100 23000 32000 50000
11100 11210 12100 12220 12230
11210 12220 12400 23000
11210 11220 11230 12220 13400 14100
11100 11210 12100 12220 14100
11100 11210 12100 12220 14100
11100 11210 12100 12220 13400 14100
11100 11210 12220 13400 23000
11100 11210 12220 14100
11100 11210 12100 12220 13400 23000
11100 11210 12220 13400 23000
11100 11210 12220 13400 14100 23000
11100 11210 11220 12100 12220 13400 14100
11100 11210 11220 12100 12220 14100
11100 11210 12100 12220 14100
11100 11210 12220 13400 23000
11100 11210 12220
11100 11210 12220
11100 11210 12220
11100 11210 12220
11100 11210 12220
11100 11210 12220
11100 11210 12220
11100 11210 12220
11100 11210 12220
11100 11210 12220
11100 11210 12220
11100 11210 12220 14100
11100 11210 12220
11210 12220
11210 12220 23000
11100 11210 12220 31000 32000
11210 12220
11210 12220
11100 11210 12220
11210 12220 23000
11100 11210 12220 31000
11100 11210 12220
11100 11210 12220
11210 12220
11100 11210 12220
11210 12220
11100 11210 12220
11100 11210 12100 12220 14100
11210 12220
11100 11210 12100 12220 23000
11100 11210 12220 13400 23000
11100 11210 12220 13400 23000
11100 11210 12100 12220 13300
11100 11210 12100 12220 13400 14100
11100 12100 12220 13400
11100 11210 12220 13400
11100 11210 12100 12220 13400
11100 11210 12100 12220 13400
11100 11210 12100 12220 12230 13400
11100 11210 12100 12220 13400 14100
11100 11210 12100 12220 13400
11100 11210 12100 12220 13400
11210 11220 12100 12220 14100 14200
11100 11210 11220 12220 14100
11100 11210 11220 12220
11210 11220 12220 14100 14200
11210 11220 11230 12220 23000
11210 11220 11230 12100 12220
11210 11220 11230 12220 23000 32000
11210 11220 11230 12220 13400 14100 23000
11210 11220 11230 12100 12220 14200
11210 11220 11230 12100 12220 13400 23000
11210 11220 12100 12220
11210 12220 12230
11100 11210 12220 12230 13400 14100
11210 12220 12230 14100
11210 11220 11230 12220 23000 32000
11210 11220 12100 12220 13400 23000
11210 11220 12100 12220 23000
11210 11220 12100 12220 23000
11210 11220 12100 12220 14100 23000
11100 11210 11220 12220 14100 32000
11210 11230 12100 12220 23000 32000
11100 11210 12100 12220
11100 11210 12100 12220 14100
11100 11210 12100 12220
11100 11210 12100 12220 12230 14100
11210 11220 12220
11210 12100 12220
11100 11210 12220
11100 11210 12100 12220
11100 11210 12100 12220 14200
11210 11220 12100 12220 14100 14200
11100 11210 12220
11100 11210 12220
11100 11210 12100 12220
11100 11210 12220
11100 11210 12100 12220 14200 23000
11100 11210 12100 12220 14200
11100 11210 12100 12220
11100 11210 12100 12220 14200
11100 11210 12100 12220 13300 23000
11100 11210 12100 12220 23000
11210 12220 14100
11210 11220 12220
11210 11220 12220 14100 50000
11210 11220 12220 14100 50000
11100 11210 12220 14100
11100 11210 12100 12220 14100
11100 11210 12100 12220 14100
11100 11210 12100 12220 12230 14100
11100 11210 12100 12220 14100
11100 11210 12100 12220 14100
11100 11210 11220 12100 12220 23000
11210 11220 11230 12100 12220 12230 13400 14100
11100 11210 12100 12220 14100
11100 11210 12100 12220
11210 11220 11230 12100 12220 13400
11100 11210 12100 12220 13400 14100
11210 11220 11230 11240 11300 12100 12220 12230 13300 13400 14100 23000 31000 32000 50000
11100 11210 12100 12220 13300
11100 11210 12100 12220 14100
11100 11210 12100 12220 13400
11100 11210 12220 13400 23000
11100 11210 12100 12220 23000
11100 11210 12220
11100 11210 12220 14200 31000
11100 11210 12220 31000 32000
11100 11210 12220 31000 32000
11100 11210 12220
11100 11210 12220 14200 31000
11210 12220
11210 12220
11100 11210 12100 12220 13400
11100 11210 12220 23000
11100 11210 12100 12220 23000
11100 11210 12220
11100 11210 11220 12220
11100 11210 11220 12220
11210 11220 12220 14100
11210 11220 12220 14100
11100 11210 11220 12220
11210 11220 12100 12220
11210 11220 12100 12220
11100 11210 11220 12100 12220
11100 11210 11220 12220 14100 23000
11210 12100 12220 23000
11210 11220 12100 12220 12230 14100
11210 11220 12100 12220 14100
11100 11210 12220 13400 23000
11210 11220 12220 14100
11100 11210 12220 13400 23000
11100 11210 12220
11100 11210 12220
11100 11210 12220 23000
11100 11210 12220 13400 23000
11100 11210 11220 12100 12220 14100
11100 11210 11220 12220 14100 23000
11210 12220
11210 11220 11230 12220 23000
11210 11220 12220 14100
11210 12100 12220 14100 14200
11210 12220 12230 14100
11210 12220 13100 32000
11210 11220 11230 12100 12220 14200
11210 11220 11230 12100 12220 14200 23000
11210 12220
11210 11220 12100 12220 14200
11210 11220 12220
11210 11220 11230 12100 12220 13400
11210 11220 12100 12220 13400
11210 11220 12100 12220
11210 11220 11230 12220 14100 23000 32000
11100 11210 12220 14100
11100 11210 12220 14100 14200
11100 11210 12100 12220 14100 14200
11210 12100 12220 14100
11210 12100 12220 14100
11100 11210 11220 11230 12220 14100 14200
11100 11210 11230 12220 31000
11100 11210 12220
11210 12220 12230 14100
11100 11210 12220 14100
11210 12220 12230
11210 12220 12230 14100
11100 11210 12220 12230 13400 14100
11100 11210 12220 14100
11210 12220 12230 13400 14100
11210 12220 23000 31000
11210 11220 12100 12220 13400
11210 12100 12220 14100 33000
11100 11210 11220 12100 12220 13100 23000
11100 11210 12100 12220 13300 23000
11100 11210 12100 12220 13300
11100 11210 12220 13300 23000
11210 11230 12220 13300 13400 23000
11210 11220 12100 12220 23000
11100 11210 12100 12220 14100 14200 32000
11210 12100 12220 14100
11100 11210 12100 12220 14100
11100 11210 12100 12220 14100
11100 11210 12220 14100
11100 11210 12100 12220
11100 11210 11220 12100 12220 14100
11100 11210 12100 12220 14100
11100 11210 12100 12220 14100
11100 11210 12220 14100
11210 11220 12100 12220 14100 50000
11100 11210 12100 12220
11100 11210 12100 12220 14100
11210 11220 11230 12220 13400 14100
11100 11210 12100 12220 14100
11100 11210 11220 12100 12220
11210 11220 12220 13400 14100
11100 11210 12100 12220 14100
11210 11220 12100 12220 23000
11100 11210 12100 12220
11100 11210 11230 12100 12220 14100
11210 12100 12220 12230 13400 14100
11100 11210 12100 12220 14100
11100 11210 11220 12100 12220 13400 14100
11210 11220 11230 12100 12220 23000
11100 11210 12100 12220 13400
11100 11210 11220 11230 12220 14100
11100 11210 11220 11230 12220
11210 11220 11230 12100 12220 13400 14100
11100 11210 12100 12220 14100
11100 11210 12220 14100 14200
11100 11210 12220 14100 14200
11100 11210 12100 12220 14100
11100 11210 12220 14100 14200
11100 11210 12100 12220 14100
11100 11210 12220
11210 11220 11230 12100 12220 14100
11210 11220 12100 12220 12230 14100
11210 11220 11230 11240 12220 23000
11100 11210 12100 12220 13400
11100 11210 12100 12220 13400 23000
11100 11210 12100 12220 13400
11220 11230 12100 12220 23000 33000
11100 11210 11220 12100 12220 13400 23000
11210 12100 12220 13400
11210 12220
11100 11210 12220
11100 11210 11220 12220 23000
11210 11220 12100 12220 14100
11210 11220 11230 12100 12220 13400 14100 23000
11100 11210 12100 12220 23000 32000 33000 50000
11100 11210 11220 11230 12100 12220 14100 32000 50000
11210 11220 12220 14100
11210 11220 12220 14100
11210 11220 11230 12220 13300 13400 23000
11210 11220 12220 13400
11210 11220 12220
11210 11220 12220 14100
11210 11220 12100 12220 12230 14100
11210 11220 12220 12230 13400 14100
11210 11220 12220 13400
11210 11220 12220 13400
11210 11220 12220 14100
11210 11220 11230 12100 12220 13400 14100 23000
11100 11210 11220 11230 12100 12220 14100 14200
11100 12100 12220 12230 13400 14100
11100 12100 12220 13400 14100
11100 11210 12100 12220 14100 14200
11100 11210 12220 14100
11100 11210 11220 12220 14100
11100 11210 12100 12220 13400 14100 14200
11220 11230 12220 23000
11210 11220 12100 12220 23000 32000 50000
11100 11210 12220 14200 23000 31000
13300 13400 23000 31000
11210 12220 12400 23000
11210 12220 12400 23000
11220 11230 23000 32000
11240 11300 12220 23000 50000
11240 23000
11210 11220 11230 12100 12220 14100
11210 11220 11240 12220 23000
11210 11220 12220 13300 21000 33000
11210 11220 33000
11210 11220 12220 12230 13400
11220 11230 11240 12220 21000 23000 32000 50000
11220 11230 12220 23000 31000 50000
11220 11230 12100 12220 23000 31000 50000
11100 11210 11230 12100 12220 13400 23000
11220 11230 12220 23000
11100 11210 12100 12220 12230 13300 13400
11100 11210 11220 11230 12100 12220 12230 13300 13400 14100 23000
11100 11210 11220 11230 12100 12220 14100
11210 11220 12220 14100
11210 11220 12220 13400 23000
11210 11220 12220 13400 23000
11210 11220 12100 12220 12230 14100
11100 11210 11220 11230 12100 12220 13300 13400 14100 23000
11100 11210 11220 11230 12100 12220 13400 23000
11100 11210 11220 12100 12220 13400 23000
11100 11210 11220 12100 12220 13400 14100
11100 11210 11220 12220 23000
11210 12100 12220 13400 32000 50000
11210 12100 12220 14100 23000
11210 11220 12100 12220 13400 14100
11210 11220 11230 12100 12220 23000
11210 11220 12100 12220 13400 23000 50000
11210 11220 12100 12220 14100 23000
11210 12100 12220 13400 14100
11210 11220 12100 12220 14100
11210 11220 12100 12220 14100
11210 11220 12100 12220 14100 14200
11210 11220 12100 12220 12230 14100 14200
11100 11210 11220 11230 12100 12220 13400 14100
11210 11220 11230 12100 12220 14100 23000 32000 50000
11100 11210 11230 11240 12220 13300 14100 23000
11210 11220 11230 12220 14100 23000
11210 13300 33000
23000 31000 33000
11210 11220 11230 12100 12220 14100
12100 21000 23000 33000
11100 11210 11240 12220 13300 14100 23000
11100 11210 12100 12220 13400 14200
11100 11210 11220 12100 12220 13400 23000
11100 11210 11220 12100 12220 14100
11100 11210 12100 12220 12230 13400 14100
11100 11210 11220 12100 12220 13300 13400 14100 14200
11100 11210 11220 12100 12220 14100
11210 11220 12220 14100
11210 11220 12100 12220 14100
11210 11220 11230 12220 13400 21000 31000 33000
11210 11220 31000 33000
11210 11220 11230 12220 21000 33000
11210 11220 11230 12220 23000 33000
11210 11220 11230 12220 12230 14200 23000
11210 11220 11230 12220 12230 14200 23000
11100 11210 11220 11230 12100 12220 13400 14100 23000 32000 33000
11100 11210 11220 12100 12220 14100 23000
11100 11210 11220 12100 12220 14100 23000
11210 11220 11230 12220 13400 32000 33000
11100 11210 11220 11230 12100 12220 13400
11100 11210 11220 11230 12220 14100
11210 11220 11230 11240 12220 13400 23000
11210 11220 12220 13400 23000 31000
11210 11220 12220 13400 23000 32000 50000
11210 11220 12220 12230 13400 23000
11210 11220 11230 12100 12220 13400 14100 14200
11210 11220 12100 12220 12230 13400 14100
11100 11210 11220 11230 12100 12220 14100
11210 11230 12220 23000
11210 11230 12220 23000
11210 11220 11230 12100 12220 13100 14100 23000 32000
11210 11230 12100 12220 14100 23000 32000
11210 11220 11230 12220 33000
11210 11230 12220 13100 13300 13400 23000 32000
11210 11220 11230 12220 13300 13400 14100 23000 32000
11210 11220 11230 12100 12220 13400
11210 11220 11230 12100 12220 13400 14100
11210 11230 12100 12220 23000 31000
11210 11220 11230 12220 23000
11210 11220 11230 12220 23000
11210 11220 11230 12100 12220 23000
11210 11230 12220 13400
11210 11220 11240 12220 14100 23000
11220 11230 12100 12220 12230 14100 23000 32000
11220 11230 12100 12220 14100 23000 32000 50000
11220 11230 11240 12220 23000 32000
11210 11230 12100 12220 31000 32000 33000 50000
11210 11230 12100 12220 31000 33000
11220 11230 12100 12220
11210 11220 11230 12220 14100 23000
11210 11220 11240 12100 12220 14100
11220 11240 14100
11220 11230 12220 13300 23000 32000
11210 11220 12220 14100 14200
11220 11230 12100 12220 23000
11220 11230 12100 12220 23000
11210 11220 12100 12220 13400 14100
11210 11220 12100 12220 14100
11210 12100 12220 13400 14100 23000
11100 11210 12100 12220 13400
11210 11220 11230 11240 12100 12220 13400 23000
11210 11220 11230 11240 12100 12220 13400 23000
11210 12100 12220 14100
11210 12100 12220 14100
11210 11220 11230 12100 12220 13400 21000 23000
11100 11210 11220 11230 12100 12220 13400 14100 23000
11210 11220 11230 12100 12220 13400
11100 11210 11220 11230 12100 12220 13400 14100
11210 11220 11230 12100 12220 13400 14100
11210 12100 12220 14200
11210 12100 12220
11210 11230 12100 12220 13400
11210 11230 12100 12220 13400 14100
11210 11220 12100 12220 14100
11100 11220 12100 12220 12230 14100
11100 11210 11220 12100 12220 12230 13400 14100 23000
11100 11210 12100 12220 13400
11100 11210 12100 12220 13300 13400
11100 11210 12100 12220 14100
11210 11220 11230 12100 12220 23000 32000 50000
11100 11210 12100 12220 13100 14200 23000 31000
11100 11210 12100 12220 13100 23000
11220 11230 12100 12220 23000
11100 11210 11220 12100 12220 13400 14100 23000 50000
11210 11220 12100 12220 13400 14100 23000
11210 11220 12100 12220 12230 13400 14100
11100 11210 11220 12100 12220 12230 13400 14100
11100 11210 11220 12100 12220 12230 14100
11220 11230 12100 12220 23000
11100 11210 12100 12220 13400 14100
11100 11210 12100 12220 14100
11100 11210 12100 12220 13400
11210 12100 12220 13400
11100 11210 12100 12220 14100
11210 12100 12220 14100
11210 12100 12220 14100 23000 32000 50000
11210 12100 12220 23000 50000
11210 12100 12220 14100 50000
11100 11210 12100 12220 13400
11100 11210 12100 12220 14100
11100 11210 11230 12100 12220 13300 13400 23000
11100 11210 12100 12220
11100 11210 11220 12100 12220
11210 11220 12100 12220 13400 14100 23000
11210 11220 12100 12220 13400 14100 23000
11210 12100 12220 23000
11220 11230 12100 12220 23000
11220 11230 12100 12220 23000
11220 11230 12100 12220 23000
11100 11210 11230 12100 12220 13400 23000
11210 12100 12220 23000
11100 11210 12100 12220
11210 11230 12100 12220 13300 13400 23000 32000
11100 11210 12100 12220 13400 14100 14200
11100 11210 12100 12220 14100
11100 11210 12100 12220 14100
11100 11210 12100 12220 13300 13400 14100
11210 11220 12100 12220 12230 14100 23000
11210 11220 12100 12220 14100
11210 11220 12100 12220 14100
11210 11220 12100 12220 14100 23000
11210 11220 12100 12220 14100 23000
11210 11220 12100 12220 14100 14200
11210 11220 12100 12220 14100
11210 11220 12100 12220 14100
11210 11220 12100 12220 14100
11210 11220 12100 12220
11100 11210 12100 12220 13400 14100 14200
11100 11210 12100 12220 14100 14200
11210 11220 12100 12220 14100
11210 11220 12100 12220 12230 14100 23000
11100 11210 11220 12100 12220 14100 23000
11210 12100 12220 13400 14100 23000
11210 11220 12100 12220 12230 14100 23000
11210 11220 12100 12220 12230 14100
11210 11220 12100 12220 14100
11100 11210 12100 12220 13400 14100 14200
11100 11210 12100 12220 13400 14100 14200
11210 11220 11230 12100 12220 13400 14100 23000 32000 50000
11210 11220 11230 12100 12220 14100 23000
11220 11230 12100 12220 23000
11210 11230 12100 12220 23000 32000 50000
11100 11210 11220 11230 12100 12220 14100 23000 32000 50000
11210 11220 11230 12100 12220 13400 14100 23000
11210 11220 11230 12100 12220 23000
11210 11220 11230 12100 12220 14100
11210 11220 11230 12100 12220 13400 32000 33000 50000
11210 12100 12220 13400 14100 32000 50000
11210 11220 11230 12100 12220 12230 13400 14100 23000
11210 11220 12100 12220 12230 14100
11210 11220 12100 12220 14100
11210 12220 13300 13400 32000
11210 11220 11230 12100 12220 12230 13400 23000
11210 11220 11230 12100 12220 12230 13400 14200 23000
11210 11220 12100 12220 13400 23000
11210 11220 12100 12220 13400 23000
11210 11220 12100 12220 13400
11210 11220 12100 12220
11210 11220 11230 12100 12220 13400 14100 23000
11210 11220 11230 12100 12220 13400 14100 23000
11210 11220 12100 12220 13400 14100
11210 11230 12100 12220 14100 23000 32000 50000
11210 11230 12100 12220 14100 14200 23000 33000 50000
11100 11210 12100 12220
11100 11210 12100 12220 23000
11100 11210 11220 12100 12220 13400 14100
11210 11220 11230 12100 12220 13400 14100 23000
11210 11220 11230 12100 12220 14100 23000
11210 11230 12100 12220 14100 14200 32000 50000
11210 11230 12100 12220 14100 14200 50000
11100 11210 11220 12100 12220 13400 14100
11100 11210 11220 12100 12220 13400 23000 32000 50000
11210 11220 12100 12220 12230 13400 14100
11210 11220 12220 23000
11100 11210 11220 12220 14100 23000
11100 11210 12100 12220 13400 14100
11100 11210 12100 12220 14100
11210 11220 12100 12220 14100
11210 11220 11230 12100 12220 12230 14100
11230 11240 12100 12220 23000 31000 50000
11210 11230 12100 12220 21000 23000 33000
11210 11230 12100 12220 14100 21000 23000 33000
11210 12100 12220 14100 33000
11210 11230 12100 12220 13400 21000 23000 33000
11220 11230 11240 12220 23000 32000 50000
11220 11230 11240 12220 21000 22000 23000 32000
11220 11230 12220 21000 23000 32000
11230 12220 12230 22000 23000 50000
11230 11240 12220 23000 32000
11230 11240 12220 22000 23000
11230 11240 12220 21000 22000 23000
11230 11240 12220 21000 22000 23000
11230 11240 23000
11230 11240 23000
11100 11210 11220 11230 11240 12100 12220 12230 12400 13100 13300 13400 14100 14200 23000 31000 32000
11210 11220 11230 12100 12220 14200 23000
12100 12220 14100 23000
11210 12220 12400 23000 31000 32000
11100 11210 12220 13100 13400 14200 23000
11210 12100 12220 14100
11100 11210 12100 12220 12230 13400 14100
11100 11210 12100 12220 12230 13400 14100
11210 11220 12220 12230 13400 14100
11210 11220 12100 12220 12230 14100
11210 11220 11230 12100 12220 12230 14100 14200 23000
11210 11220 11230 12100 12220 12230 13400 23000
11210 11220 12220 12230 13400 14100 23000
11210 12220 12230 14100
11210 11220 11230 12100 12220 14100 14200 23000 32000
11210 11220 11230 12100 12220 14100 14200 23000 32000
11100 11210 12220
11100 11210 12100 12220 13300 13400
11210 12100 12220 14100
11210 11220 12220 14100 14200
11100 11210 12100 12220 13300 13400 14100
11100 11210 12100 12220 23000
11100 11210 12100 12220 13400 23000
11100 11210 12100 12220 13400 14100
11100 11210 12100 12220 13400
11100 11210 12100 12220 13400
11210 11220 12100 12220 13400
11210 11220 11230 12100 12220 14100 23000
11210 11220 12220 14100
11210 11220 11230 12100 12220 14100 23000
11210 11220 12100 12220 12230 13400 14100
11210 11220 11230 12220 13300 23000 32000
11210 11220 11230 12220 13400 14200
11210 11220 12100 12220 13400 14100 23000
11210 11220 12100 12220 14100 14200
11210 12100 12220 13400 14100
11210 11220 11230 12220 13300 13400 14100 23000 32000
11210 11220 11230 12100 12220 13400 23000
11220 11230 12100 12220 12230 14100 23000 32000 50000
11210 11220 11230 12100 12220 23000 32000 50000
11210 11220 11230 12100 12220 12230 13400 14100 23000 32000
11210 11220 12220 13300 13400 23000 32000 50000
11210 11220 12220 23000 32000
11210 11220 12220 13400 23000
11210 11220 12100 12220 12230 14100 23000
11210 11220 12220 12230 13400 14100 23000
11210 11220 12220 13300 13400 23000 32000
11210 11220 12220 13300 23000 32000
11210 11220 12220 12230 23000
11210 11220 12220 13300 23000
11100 11210 11220 12100 12220 14100 32000 50000
11210 11220 12100 12220 13400 32000 33000 50000
11210 11220 12100 12220 13400 23000 32000 33000 50000
11220 11230 12100 12220 14100 23000 32000 50000
11220 11230 12100 12220 14100 23000 32000
11220 11230 12220 23000 32000 33000 50000
11220 11230 12220 23000 32000
11220 11230 12220 23000 32000 50000
11210 11220 11230 12100 12220 14100 23000
11210 11220 12220 12230 13400 14100
11210 12220 12230 13400 14100
11210 12100 12220 12230 14100
11210 11220 12100 12220 12230 14100
11100 11210 11220 11230 12100 12220 14100
11100 11210 11220 11230 12220 14100
11100 11210 11220 11230 12100 12220 14100
11210 11220 12100 12220 12230 13400 14100
11100 11210 12100 12220 12230 14100
11100 11210 11220 12100 12220 12230 13300 13400 14100 23000
11230 12100 12220 14100 23000 32000 33000
11210 11220 11230 12100 12220 23000 32000 33000
11210 11220 11230 11240 12220 23000 32000 33000
11210 11220 11230 11240 12220 23000 32000 33000
11210 11220 11230 11240 11300 12220 23000 32000 33000
11210 11220 11230 11240 12220 23000 33000
11210 11230 12220 23000 33000
11220 11230 11240 12100 12220 13400 21000 23000
11220 12100 12220 21000 23000
11220 11230 12100 12220 23000
11220 11230 12100 12220 23000
11210 11220 11230 12220 12230 13400 14100 23000
11100 11210 11230 12100 12220 14100 23000 32000 50000
11220 11230 12100 12220 14100 23000
11230 12100 12220 14100 23000
11210 11220 11230 12100 12220 23000
11100 11210 12100 12220 13400
11100 11210 11230 12100 12220 14100
11220 11230 12100 12220 23000
11220 11230 12100 12220 23000
11210 11220 11230 12100 12220 23000
11210 11220 11230 12100 12220 14100 23000
11220 11230 12220 23000
11100 11210 11220 12100 12220 13400 14100 14200
11100 11210 11220 12100 12220 14100
11210 11220 12100 12220 14100 14200
11210 11220 11230 12100 12220 12230 13400 14100 23000
11210 11220 12100 12220 14100 32000 50000
11220 12220 13100 23000
11210 12100 12220 14100 14200
11100 11210 11220 11230 12100 12220 14100 14200
11100 11210 11220 11230 12220 14100 14200
11210 11220 12220 14100 14200
11100 11210 11230 12100 12220 14100 32000
11100 11210 11220 11230 12100 12220 14100 32000 50000
11210 11230 12100 12220 13300 14100 23000 32000
11210 12100 12220 13300 13400 14100 23000 32000
11220 11230 12100 12220 23000 32000
11220 11230 12100 12220 23000
11100 11210 11230 12100 12220 13300 13400 23000
11210 11230 12220 13300 13400 23000
11100 11210 11240 12220 13300 14100 23000
11100 11210 11240 12220 13300 13400 14100 23000
11210 11230 12100 12220 13400
11210 11220 11230 12100 12220 23000
11100 11210 11220 11230 12100 12220 13400 23000
11210 11220 12220 13100 23000
11100 11210 11220 12100 12220 13100 23000
11100 11210 11230 12220 13300 13400 23000
11100 11210 11230 12220 13300 13400 23000
11100 11210 12100 12220 14200
11100 11210 11220 12100 12220 13400 14100
11100 11210 11220 12100 12220 13400 14100
11100 11210 12220 14100 50000
11100 11210 12220 14100 14200 50000
11100 11210 12100 12220 14100 14200 32000 50000
11210 12100 12220 14100 14200 32000 50000
11210 11220 12100 12220 13400 14100 23000
11100 11210 12100 12220 14100 14200 23000 32000 50000
11100 11210 12100 12220 13400 14100
11100 11210 11220 12100 12220 13400 14100
11100 11210 11220 12100 12220 13400 14100 23000
11210 11220 12220 13400 14100 23000 50000
11210 11220 12100 12220 23000
11210 11220 12100 12220 13400 14100 23000 50000
11100 11210 12100 12220 14100
11100 11210 12100 12220 14100 23000 33000 50000
11100 11210 12100 12220 14100 23000 33000 50000
11100 11210 12220 14100
11210 11220 11230 11240 12220 23000
11210 11220 11230 12100 12220 23000 33000
11210 11220 11230 12100 12220 14100
11210 11220 11230 12100 12220 14100 23000
11100 11210 11220 12220 23000
11210 11220 11230 12100 12220 23000 33000
11210 11220 12100 12220 23000
11210 11220 11230 12220 13300 13400 14100 14200 23000
11210 11220 12220 13300 13400 14100 14200
11210 11220 11230 12220 13300 13400 14200 23000
11210 11220 11230 12220 14100 14200
11210 11220 11230 12220 13400 14100
11210 11220 11230 12220 13300 13400 14200 23000
11210 11220 12220 23000 32000 50000
11210 11230 12100 12220 13400 31000 33000
11210 11220 12220 14100 14200 23000
11100 11210 12100 12220 12230 13400 14100
11100 11210 11220 11230 12100 12220 12230 13300 13400 14100 23000 32000 50000
11100 11210 11220 12100 12230 13300 13400 14100 23000
11210 11220 12100 12220 12230 13400 14100
12100 12230 13400
11210 12220 12400 23000 31000 32000
11210 11220 12220 13100 23000
11100 11210 12100 12220 13100 13400 23000 31000
11210 12220 13100 13300 13400 32000
11210 11230 12220 13300 13400 23000
11100 11210 12100 12220 13300 13400 23000
11100 11210 11230 12100 12220 13300 13400 23000
11100 11210 11220 12100 12220 12230 13300 13400 14100 23000
11210 12220 13100 13300 13400 32000
11210 11220 11230 12220 13300 13400 14200 23000
11210 11220 11230 12220 13300 23000 32000
11100 11210 11230 11240 12220 13300 14100 23000
11100 11210 12100 12220 13300
11210 11220 12220 13300 13400 23000 32000 50000
11220 11230 11240 12100 12220 13400 23000
11100 11210 11220 12100 12220 12230 13300 13400 14100 23000
11210 11230 12100 12220 12230 13400 23000
11210 11220 11230 12100 12220 13400 14100
11230 12100 12220 13400
11100 11210 12100 12220 13400
11100 11210 12100 12220 13400
11100 11210 11230 12100 12220 13300 13400 23000
11210 11230 12220 13300 13400 23000
11100 11210 12100 12220 13400 14200 23000
11100 11210 12100 12220 13400 23000
11210 11220 12100 12220 13400 14100 23000 50000
11210 12100 12220 13400 14100 14200
11100 11210 12100 12220 13400 14100
11100 11210 11220 12100 12220 13400 14100
11210 12100 12220 12230 13400 14100
11100 11210 11220 11230 12100 12220 13400 14100
11220 12100 12220 13400 14100
11100 11210 12100 12220 12230 13400 14100
11100 11210 12100 12220 13400 14100
11100 11210 11220 12220 13400
11100 11210 12220 13100 13400 23000
11210 12220 13400 33000
11210 11220 12220 13400
11210 11220 11230 12100 12220 12230 13400 23000
11210 11220 12100 12220 13400
11210 11220 11230 12100 12220 13400
11210 11220 12100 12220 13400 23000
11210 12220 14100 14200 50000
11210 11220 12220 12230 13400 14100 23000
11210 11220 12220 13400 14100 23000
11210 12100 12220 13400 32000 50000
11210 11220 11230 12220 13300 13400 14200 23000
11210 11220 12220 12230 13400
11210 11220 12220 12230 13400
11210 11220 12220 12230 13400 14100
11100 11210 11220 12100 12220 12230 13400 14100 23000
11210 11220 12100 12220 12230 13400 14100 23000
11210 11220 11230 12100 12220 14200 23000
11210 11230 12220 13400
11210 11220 12100 12220 13400 14100 23000
11100 11210 11220 12100 12220 13400 14100
11210 12220 13100 13300 13400 32000
11210 11220 12220 13300 13400 23000 32000 50000
11210 11220 12220 13400 23000
11210 11220 12220 13400 23000
11100 12100 12220 13400 14100
11100 11210 12100 12220 13300 13400
11100 11210 12220 13300 13400 23000
11100 11210 11230 12100 12220 13400
11210 11230 12220 13300 13400 23000
11100 11210 12100 12220 13300 13400 23000
11210 12100 12220 14100
11210 12100 12220 14100
11210 12100 12220 14100
11100 11210 12100 12220 14100
11100 11210 12100 12220 14100
11100 12100 12220 12230 14100
11210 12100 12220 12230 13400 14100
11210 11220 12100 12220 13400 14100 23000
11210 11220 12100 12220 13400 14100 23000
11210 12100 12220 14100 14200 32000 50000
11220 12100 12220 13400 14100
11100 11210 11220 12100 12220 12230 13300 13400 14100 23000
11210 11220 12100 12220 12230 14100
11100 11210 11240 12100 12220 13300 14100 23000
11210 12100 12220 14100 23000 32000 50000
11210 12100 12220 14100 23000 32000
11210 11220 12100 12220 14100
12100 12220 13400 14100
11210 12100 12220 14100 23000
11210 12100 12220 14100 23000
11100 11210 11220 12100 12220 13400 14100
11100 11210 12100 12220 13400 14100
11210 11230 12220 14100 23000 32000
11210 11220 11230 12100 12220 13400 14100 23000
11210 11220 11230 12220 14100 23000
11220 11230 12100 12220 14100 23000
11100 11210 11220 12100 12220 13400 14100
11210 11220 12100 12220 12230 14100
11210 11220 11230 12100 12220 14100
11210 11220 11230 12100 12220 12230 13400 14100 23000 32000 50000
11100 11210 11220 12220 12230 13400 14100 14200 23000
11100 11210 12220 14100
11100 11210 12220 12230 13400 14100
11210 11220 12220 14100
11210 11220 11230 12220 13400 14100
11100 11210 11220 12100 12220 14100 14200 23000
11220 11230 12220 23000
11100 11210 11230 12100 12220 13400 14100
11100 11210 12220 14100
11210 11220 11230 12100 12220 13400 14100 14200 23000
11210 11220 12220 14100 14200
11100 11210 11220 12100 12220 14100
11100 11210 12100 12220 14100
11100 11210 12100 12220 14100 50000
11100 11210 12100 12220 13400 14100
11210 12100 12220 13400 14100 14200 23000
11210 12100 12220 14100 14200
11210 12100 12220 14100 14200
11210 12100 12220 14100 14200
11100 11210 11220 12100 12220 13400 14100 14200
11100 11210 11220 11230 11240 12100 12220 12230 14100 14200 23000 32000 50000
11210 11220 12220 14100 23000
11210 11220 12220 14100 14200 50000
11100 11210 12100 12220 13400 14100 23000
11100 11210 12220 14100
11210 12220 14200 31000
11100 11210 12220 14100
11100 11210 12100 12220 14100 14200
11100 11210 12220 14100 50000
11100 11210 12100 12220 13400 14100
11100 11210 11220 11230 12100 12220 12230 13400 14100
11100 11210 11220 12100 12220 12230 13400 14100
11100 11210 11220 12100 12220 12230 14100 23000
11210 11220 12220 14100 14200
11100 11210 12100 12220 14100 50000
11210 11220 12100 12220 14200 23000 32000
11100 11210 12100 12220 14200
11100 11210 12100 12220 14100 14200 32000 50000
11100 11210 12100 12220 13400 14100 14200
11210 12220 14100 14200
11210 11220 11230 12220 13300 13400 14200 23000
11210 12100 12220 14100 14200
11100 11210 12100 12220 14100 14200
11210 11220 12220 14100 14200
11210 11220 12220 14200
11210 11220 12220 14100 14200
11100 11210 11230 12100 12220 13300 13400 23000
12100 12230 13400 23000
11210 11220 11230 12220 23000 33000
11210 11220 11230 12100 12220 14100 23000
11100 11210 12100 12220 12230 13400
11210 21000 23000 33000
11210 11230 12100 12220 21000 23000 33000
11220 11230 11240 12220 21000 22000 23000 32000
11210 11220 12220 13100 23000
11100 11210 11220 11230 12100 12220 13100 13400 23000
11210 11230 12220 23000 31000 50000
11210 11220 12220 21000 33000
11210 11220 12100 12220 13400 14100 23000
11220 11230 11240 12220 21000 22000 23000 32000
22000 32000
11210 11220 12220 23000
11210 11230 12100 12220 23000
11220 11240 12100 12220 23000
11220 11230 12100 12220 23000
11220 11230 11240 12220 23000 32000
11210 11220 12100 12220 14100 23000 50000
11210 11230 12100 12220 23000 32000
11210 12100 12220 23000 32000 50000
11210 11220 12100 12220 13400 23000 32000 50000
12100 12220 14100 23000
11100 11210 11220 12100 12230 13300 13400 14100 23000
11210 11220 11230 12100 12220 23000
11210 11220 11230 12100 12220 13100 23000 32000
11100 11210 11230 12100 12220 13300 13400 23000
11100 11210 11230 11240 12220 13300 13400 23000
11100 11210 12100 12220 13100 13300 13400 14200 23000 31000 32000
11210 11230 12100 12220 23000 32000
11100 11210 11230 12100 12220 13300 13400 14100 23000 32000
11220 11230 12100 12220 23000 32000 50000
11220 11230 12100 12220 23000 32000 50000
11210 11230 12100 12220 13300 14100 23000 32000
11100 11210 11240 12220 13300 14100 23000
11210 11230 12220 21000 23000 33000
11220 11230 12100 12220 14100 23000 32000 33000
11230 11240 12100 12220 21000 23000 33000
11210 11220 11230 12220 23000
11210 11220 11230 12220 23000
11210 11220 11230 12100 12220 14100 23000
11210 11220 12100 12220 12230 14100 23000
11210 11220 11230 11240 12100 12220 23000 33000
11220 11230 12100 12220 14100 23000
11210 11220 11230 12100 12220 14100 23000
11210 11220 11230 12100 12220 23000
11100 11210 11220 12220 23000
11210 11220 11300 12220 13400 23000 31000 32000 50000
11100 11210 11220 12220 23000
11100 11210 11220 11230 12100 12220 23000
11210 11220 11230 12100 12220 12230 13400 14100 14200 23000
11100 11210 11220 12100 12220 14100 32000
11210 11220 12220 13300 13400 23000 32000
11210 11220 12220 13300 13400 23000 32000
11210 11220 12100 12220 13400 23000
11210 11220 12220 13300 13400 23000 32000
11230 11240 12220 23000 32000
11220 11230 11240 12220 12230 21000 22000 23000 32000
11230 12220 12230 23000 50000
11100 11210 12100 12220
11210 11220 12220 13300 23000 32000 50000
11220 11230 12220 23000
11210 11220 11230 11240 11300 12100 12220 12230 13300 21000 22000 23000 31000 32000 50000
11240 11300 12100 12220 23000 50000
11240 12220 23000 32000
11230 11240 12100 12220 23000
11220 11230 11240 12220 21000 22000 23000 32000
11210 11220 11240 12220 23000
11220 11230 12220 23000 32000 33000 50000
11220 12220 23000 32000 33000 50000
11220 11230 12220 12230 14100 23000 32000 50000
11210 11220 11230 12220 14100 23000
11220 12220 23000 32000 33000 50000
11210 11220 11230 12220 13300 13400 14200 23000
12220 23000 31000 32000 33000 50000
11210 11220 11230 12220 14100 23000 32000 50000
11210 11220 12100 12220 14100 23000
11220 11230 12220 23000 32000 50000
11100 11210 11220 12100 12220 14100 23000
11210 11220 11230 11240 12220 23000 32000 33000
11220 11230 12220 23000 33000
11210 11220 12220 12230 13400 14100 23000
11220 11230 12220 13300 23000 32000
11210 11220 11230 11240 11300 12220 23000 32000 33000
11240 11300 12220 23000 32000 33000
11210 11220 11230 12100 12220 13400 14100 23000
11100 11210 11220 12100 12220 23000
11210 11220 11230 12100 12220 12230 13400 14100 23000 31000 32000 50000
11220 11230 12220 12230 23000 32000 33000 50000
11210 11220 12100 12220 13400 23000
11100 11210 12100 12220 13100 13400 23000
11210 11220 12100 12220 14100 23000 50000
11210 12220 14100 23000 32000 50000
11210 11220 11230 12220 23000
11210 11220 11230 12100 12220 13400 14100 23000
11210 11220 11230 12100 12220 14100 23000
11210 11220 12100 12220 23000
11220 11230 12100 12220 23000
11100 11210 11230 12100 12220 23000 32000 33000 50000
11210 11220 11230 12100 12220 14100 14200 23000 32000
11100 11210 12100 12220 14200
11100 11210 12100 12220 13400 14100 14200
11210 12220 14100
11210 11220 11230 12220 14100
11100 11210 12220
11210 12100 12220 14100 32000 50000
11210 11220 12100 12220 32000
11210 12220 12400 13100 13300 14200 23000 31000 32000
11210 12220 13100 14200 23000 31000 32000
11210 11220 11230 12100 12220 23000 31000 50000
11210 11220 11230 12220 31000 33000
11100 11210 11220 11230 12100 12220 14100
11210 11220 11240 11300 12220 23000 32000 33000
11210 11220 12100 12220 13400 23000 32000 33000 50000
11220 11230 12100 12220 12230 23000 32000
11220 11230 12220 12230 14100 23000 32000 50000
12220 23000 32000 33000 50000
11230 12100 12220 23000 32000
11210 11220 12220 13300 13400 23000 32000 50000
11210 11230 12100 12220 14100 23000 32000
11210 23000 32000 50000
11220 12100 12220 23000 32000 50000
11100 11210 11220 11230 12220 14100
11100 11210 12100 12220 14100 14200 23000 32000 50000
12400 22000 31000 32000
11210 11220 12220 32000 33000
11210 12220 12400 23000 31000 32000
11220 12100 14200 23000 32000
11210 11230 12220 13100 13300 13400 14100 23000 32000
11100 11210 11220 11230 12100 12220 14100 23000 32000 50000
11210 11220 11230 12220 13300 23000 32000
11100 11210 11220 11230 12100 12220 14100 23000 32000 50000
11100 11210 11220 12100 12220 14100 32000 50000
11210 11220 11230 12220 23000 32000 33000
11100 11210 11220 12100 12220 13400 14100 23000 32000 33000 50000
11220 11230 11240 12220 23000 32000
11220 11230 11240 12220 21000 22000 23000 32000
11210 11230 12220 23000
11210 11230 12100 12220 23000
11100 11210 11220 12100 12220 13400 14100
11210 11220 12100 12220 14100
11210 11220 12220
11100 11210 11220 12100 12220 13400
11210 11220 12100 12220 14100 23000 32000 50000
11100 11210 12100 12220 12230 14100
11210 11220 12100 12220 14100 14200
11100 11210 11220 11230 12220 14100 14200
11100 11210 11220 11230 12220 14100 14200
11210 11220 12100 12220 12230 23000
11210 11220 12100 12220
11210 11220 12100 12220 14200
11100 11210 12220
11100 11210 12220
11100 11210 11220 12220
11100 11210 11220 12220
11100 11210 12220
11100 11210 12220 13100 13400 23000
11100 12100 12220 13400 14200 23000
11100 11210 12100 12220 13400 14200 23000
11100 11210 12220 13400
11210 11220 11230 12220 33000
11210 11230 12220 23000 33000
11100 11210 12100 12220 23000 33000 50000
11100 11210 12220 13400
11210 11230 12100 12220 21000 23000 33000
11210 11220 11230 12100 12220 13300 13400 21000 23000 31000 32000 33000 50000
11210 11220 11230 11240 11300 12220 23000 32000 33000
11100 11210 12100 12220
11210 11220 12100 12220 13400 14100 23000
11100 11210 12100 12220
11210 11220 12220 14100 14200
11100 11210 12220
11210 11220 12100 12220 13400 14100 23000
11210 11220 12100 12220 13400 23000
11210 11220 12100 12220 13400 23000
11210 11220 11230 12220 23000
11210 11220 11230 12220 23000
11210 11220 12220
11210 11220 12220 14100
11100 11210 12100 12220 14100 23000 33000 50000
11100 11210 11220 12100 12220 14100 14200 32000 50000
11100 11210 11220 11230 12100 12220 14100 23000 32000 33000 50000
11100 11210 11220 11230 12100 12220 12230 13400 14100 23000 32000 33000 50000
11210 11220 12100 12220 13400 23000 32000 50000
11100 11210 12100 12220 12230 13300 13400
11210 12220 12400 23000 31000 32000
11210 11220 12100 12220 14100 14200
11210 11220 12100 12220 13400 14200
11210 11220 12100 12220 14200
11210 11220 12100 12220 12230
11210 12220 12400 23000 31000 32000
11100 11210 12100 12220 13400 14100 14200 23000
11100 11210 12100 12220 13400 14100 23000
11100 11210 12220
11100 11210 12220 14200
11100 11210 12100 12220 14200
11210 11230 12100 12220 13400 23000 31000
11100 11210 11220 12220 14100 23000 31000
11100 11210 11220 12100 12220 14100 23000
11100 11210 11220 12100 12220 14100 23000
11100 11210 11220 12100 12220 23000
11210 12100 12220
11100 11210 12100 12220 23000 33000 50000
11100 11210 12100 12220 14100
11100 11210 12100 12220
11210 11220 11230 12100 12220 13400 14100 23000 33000
11210 11220 12100 12220
11210 11220 12100 12220
11210 12100 12220
11100 11210 12100 12220 14100
11100 11210 12100 12220
11100 11210 12100 12220
11220 11230 12220
11100 11210 12100 12220
11100 11210 12220 23000
11100 11210 11220 12220 23000
11100 11210 11220 11230 12100 12220 23000
